43 36
41 49
32 48
7 30
28 3
48 47
6 25
27 3
34 12
31 29
16 41
5 35
23 46
21 14
20 15
7 50
50 46
11 43
26 6
4 23
45 43
22 37
41 27
28 7
21 27
36 34
4 10
5 30
29 16
1 27
45 12
10 13
15 1
18 12
14 38
23 20
29 2
9 17
38 27
40 7
40 35
44 32
47 48
15 7
16 6
3 41
24 41
24 5
31 7
29 44
18 17
6 46
24 45
11 5
38 28
41 18
15 16
45 32
40 49
43 24
22 22
23 2
14 50
3 16
3 23
35 14
41 36
48 17
45 43
45 4
14 47
8 38
7 4
8 34
7 29
45 47
50 15
26 9
33 46
48 3
47 40
14 17
17 2
40 6
26 31
5 11
26 38
16 49
17 19
2 13
4 35
24 28
29 44
22 26
11 23
9 45
1 22
9 9
14 40
27 28
29 24
50 38
35 22
42 20
47 21
30 21
34 2
44 42
25 2
2 8
19 5
48 9
40 11
21 12
15 13
19 31
20 2
43 44
23 38
41 33
30 10
27 42
26 26
46 36
24 5
40 41
39 46
17 29
13 39
6 33
45 49
25 3
4 4
9 31
38 46
20 20
18 11
15 23
28 5
41 45
25 41
4 45
17 45
43 42
39 14
46 39
24 39
43 41
26 35
1 50
38 3
41 2
35 48
29 3
9 37
2 12
45 36
28 35
17 23
34 46
14 5
25 5
23 39
13 32
30 34
35 25
9 44
22 8
41 50
48 15
24 27
29 29
37 28
5 49
38 15
39 16
30 1
18 13
39 39
37 50
33 9
27 32
35 28
14 38
8 6
44 49
43 18
20 36
19 5
32 39
50 21
26 26
13 23
44 26
28 42
6 5
14 31
6 48
41 47
24 4
13 41
38 19
46 25
6 35
15 8
21 20
33 19
22 49
14 6
33 10
4 11
41 19
10 37
29 4
43 1
21 23
35 47
25 7
21 34
1 12
16 41
30 34
39 46
9 1
20 41
2 34
45 20
1 4
29 6
10 11
8 24
33 31
23 38
5 5
32 12
13 28
41 1
44 30
7 36
45 12
24 25
47 17
23 25
47 5
23 37
18 39
29 36
25 47
21 1
33 29
49 34
13 16
22 12
27 49
46 23
34 5
7 32
43 3
29 43
22 10
25 43
30 15
18 1
28 16
12 26
22 42
38 22
25 46
42 29
35 28
31 5
17 31
38 39
14 34
28 45
41 14
47 10
47 26
2 45
32 1
12 39
21 40
15 37
22 48
46 50
39 13
8 21
27 29
25 18
4 46
16 14
1 5
44 17
32 47
36 44
48 44
42 48
47 1
10 47
37 50
2 42
12 38
11 42
44 38
44 41
24 24
41 10
41 3
33 18
46 17
33 16
26 36
50 5
30 44
49 49
38 32
37 30
32 10
50 25
30 23
16 47
2 16
41 49
25 21
33 33
9 38
45 32
34 4
6 28
22 6
42 7
8 30
26 47
40 14
48 24
14 22
5 16
46 16
38 4
33 29
16 9
14 30
19 38
10 8
46 37
20 24
40 48
50 21
49 46
16 26
3 20
41 42
27 19
26 6
50 1
18 42
11 40
13 5
7 36
14 47
44 50
2 36
45 28
43 3
7 30
17 38
4 11
40 32
19 14
11 8
12 41
16 5
36 46
7 49
44 31
48 35
36 46
18 41
47 4
18 47
3 35
28 2
13 13
47 5
25 16
23 4
13 34
34 7
28 18
2 14
33 42
43 33
8 34
3 24
8 20
40 14
36 36
18 24
13 27
48 30
38 27
4 15
40 35
36 46
48 29
29 30
47 20
49 46
1 42
49 40
17 10
10 22
3 6
24 37
8 12
22 39
11 24
40 43
40 6
48 11
35 48
22 23
42 32
45 35
23 12
35 14
11 3
22 41
20 45
30 18
49 30
14 38
29 17
6 24
44 29
27 25
37 27
17 48
31 10
10 34
28 12
29 49
47 5
40 38
49 17
20 38
12 48
7 38
35 12
12 50
47 40
38 5
43 41
1 37
26 7
50 39
4 8
43 5
45 31
30 44
43 50
41 2
40 47
9 43
38 42
27 43
8 20
49 25
33 49
36 1
32 19
1 3
25 46
5 30
44 6
11 24
50 49
27 23
7 7
6 7
8 8
50 2
13 3
32 1
39 13
36 8
17 16
31 47
18 7
45 10
18 23
12 18
31 27
34 41
28 42
28 47
6 32
2 5
40 40
30 34
22 27
13 10
31 45
11 28
36 11
41 31
49 26
50 41
40 36
42 20
49 4
21 22
15 26
30 25
1 33
41 18
3 14
31 40
49 30
47 28
50 41
26 3
25 37
11 43
17 22
19 42
37 49
38 22
33 16
22 15
36 27
3 6
16 35
27 21
17 1
28 48
1 30
10 42
39 11
1 37
42 38
39 23
34 11
42 23
34 41
34 45
21 14
2 42
17 5
38 36
20 21
29 19
15 8
18 22
10 45
4 36
4 18
27 45
34 46
15 4
39 49
32 9
44 4
42 5
10 24
50 9
3 38
35 22
28 10
31 37
3 6
8 1
30 19
3 39
7 31
39 22
46 19
40 42
39 3
16 17
31 28
46 3
11 38
21 27
25 2
49 20
30 14
41 5
28 17
48 37
47 30
31 5
31 37
12 48
30 6
8 10
50 41
34 26
39 21
48 32
47 15
9 35
45 41
13 8
44 25
25 40
29 25
46 2
50 40
5 47
47 6
36 7
29 43
19 1
46 31
19 30
49 41
23 18
19 27
34 45
27 15
19 42
25 48
42 4
16 16
21 24
42 8
31 16
48 8
3 3
26 6
1 28
33 45
23 47
8 50
35 27
8 9
36 19
41 42
4 17
28 26
10 1
26 9
6 39
41 45
36 47
5 33
8 31
31 37
18 5
3 15
50 48
47 29
15 31
5 19
33 7
17 26
35 12
19 46
5 35
43 3
37 4
31 20
41 38
14 10
18 27
29 3
17 17
36 8
1 37
28 42
48 48
6 17
49 49
6 46
2 10
6 46
27 15
45 31
2 5
50 33
17 40
12 31
41 44
15 22
35 19
23 12
50 43
32 40
36 16
12 49
23 50
17 30
17 28
50 30
11 13
38 13
39 27
10 29
12 35
3 20
2 25
34 23
47 49
24 49
13 46
35 35
20 36
40 1
19 38
5 44
36 6
40 19
1 3
48 26
44 12
44 31
44 18
33 24
43 18
4 38
49 29
45 16
17 11
9 49
10 4
21 28
43 33
37 16
26 45
29 46
22 32
7 27
34 39
24 49
42 3
43 30
35 7
40 46
13 7
46 32
16 10
27 4
1 14
46 14
38 48
44 25
12 27
6 46
12 38
15 6
6 18
31 35
34 27
26 37
49 43
29 2
7 2
43 2
48 5
41 27
49 28
5 32
35 5
31 30
37 8
48 28
37 22
14 15
25 9
43 36
35 31
31 6
48 35
18 25
33 38
46 45
23 4
32 6
5 12
40 29
49 40
44 38
13 7
34 9
24 26
18 24
46 44
19 39
19 28
33 14
1 16
39 21
47 25
10 7
20 4
11 15
41 35
8 31
38 49
41 33
10 43
23 17
24 46
17 15
49 34
11 36
7 21
11 17
14 25
3 26
32 40
16 1
50 35
50 8
8 29
15 25
14 29
47 37
44 37
25 47
7 26
46 27
33 37
47 16
19 34
36 10
10 26
45 37
2 4
18 30
38 8
44 17
25 14
31 40
46 11
9 46
7 40
35 4
21 34
17 44
22 46
29 47
36 34
4 7
30 39
38 35
46 15
27 11
50 30
17 10
24 22
1 23
28 33
35 33
19 18
23 3
14 10
7 19
44 22
13 44
42 25
23 13
10 6
24 25
49 45
6 16
33 16
6 12
44 5
22 13
37 36
16 24
4 28
16 10
36 24
33 4
14 21
44 49
29 26
35 40
18 18
29 27
2 27
30 1
20 29
19 25
17 49
24 21
16 12
45 33
4 47
36 6
36 40
8 21
48 38
26 22
47 24
35 46
18 30
15 27
12 48
29 37
19 19
41 18
46 14
27 17
15 39
7 30
26 7
6 18
48 12
30 49
33 24
37 50
16 11
37 33
43 35
42 29
9 3
28 31
36 6
32 50
9 10
43 35
5 21
16 16
49 33
4 2
7 13
22 48
31 1
18 35
28 9
44 21
24 14
29 22
6 31
42 2
10 19
21 31
31 31
24 20
20 10
46 20
28 23
20 45
18 14
50 9
19 21
43 26
37 42
46 48
1 15
24 38
48 28
32 19
1 26
8 14
9 10
35 17
30 42
46 28
31 10
32 33
13 49
6 4
41 39
29 47
1 39
23 13
47 10
21 41
16 37
27 25
28 45
21 8
43 41
41 6
14 8
17 41
17 3
14 33
44 17
30 13
43 24
17 15
21 27
40 45
50 48
33 6
8 27
34 4
18 16
33 15
3 22
26 48
33 1
17 46
27 4
17 47
50 33
30 33
36 16
20 8
41 27
35 18
10 33
9 13
16 47
11 36
47 1
20 31
47 46
18 25
12 21
47 20
35 29
11 26
32 40
50 27
38 13
35 38
2 34
15 10
14 13
10 30
36 38
36 18
38 24
6 9
48 10
12 41
6 48
28 12
7 2
15 17
16 19
21 25
47 34
2 11
19 17
7 22
43 37
38 4
45 14
5 16
3 39
36 45
37 38
21 17
21 17
8 29
49 41
22 40
7 24
9 18
43 36
30 17
25 45
25 13
50 4
41 26
21 2
40 41
3 4
12 37
49 49
45 20
49 42
31 44
4 49
35 25
48 23
33 9
46 47
9 33
16 25
18 30
46 49
23 20
27 24
44 14
10 15
41 47
10 37
31 45
46 35
24 28
47 19
27 18
50 20
50 13
1 1
49 34
48 18
46 32
38 15
12 17
48 46
10 12
29 44
43 17
17 28
7 10
15 42
33 29
8 2
1 15
19 50
16 34
26 29
38 13
45 27
23 49
36 11
14 31
24 50
35 23
30 50
13 28
25 22
36 50
20 28
25 39
26 8
24 48
8 45
9 44
17 35
9 2
30 3
34 6
21 38
34 9
35 14
40 20
32 8
10 28
29 15
17 48
9 13
32 10
25 49
26 50
32 4
9 36
46 44
49 14
10 22
16 3
2 50
36 22
26 37
3 32
9 27
37 22
46 47
42 36
44 18
6 32
36 11
4 13
46 44
27 11
49 4
42 33
5 1
47 43
3 10
33 42
45 39
15 6
24 47
42 34
10 31
14 45
15 31
27 47
32 25
36 39
46 37
22 2
26 18
23 10
34 37
1 9
48 18
7 35
15 24
29 49
6 20
28 50
28 37
26 18
12 12
2 9
39 46
30 29
15 32
42 21
13 42
8 21
16 22
22 17
26 44
25 50
21 47
20 24
3 7
41 41
19 31
50 33
3 27
36 1
21 33
40 10
7 30
46 33
15 48
7 21
1 26
21 45
35 37
41 30
47 2
48 10
49 21
37 30
7 39
3 37
29 3
9 30
19 14
38 11
19 9
46 41
39 2
26 49
11 22
25 5
19 1
12 38
9 11
14 35
39 23
38 19
8 30
3 39
19 9
6 35
18 8
21 12
29 30
29 17
6 5
2 6
9 45
3 30
24 6
39 29
47 28
17 28
30 13
12 7
33 40
38 24
32 40
38 43
39 33
27 44
37 31
28 21
42 6
22 47
15 37
12 23
33 2
16 46
43 47
42 34
47 4
21 6
41 39
12 12
22 44
6 20
16 19
21 42
31 3
46 48
33 26
11 13
22 38
50 24
8 13
12 25
18 2
47 20
27 5
13 23
40 12
3 50
45 9
17 49
49 42
29 40
5 6
3 41
28 44
36 10
7 28
12 35
9 33
13 18
29 30
34 24
37 21
6 43
22 26
29 8
18 15
19 37
47 14
10 19
1 16
9 34
47 13
26 20
22 44
48 32
7 45
8 41
38 27
41 3
12 45
30 34
49 7
35 34
36 38
37 23
18 30
3 14
47 22
12 5
6 4
49 6
27 22
48 21
3 1
2 42
30 31
38 9
5 23
13 47
47 30
18 37
1 41
48 21
16 31
49 15
20 26
26 40
46 50
46 42
45 34
4 46
34 35
20 20
24 24
2 11
47 32
18 23
38 47
24 5
14 41
46 13
11 17
11 42
22 9
33 28
14 14
48 14
36 50
7 7
46 23
36 39
11 13
3 40
23 19
32 35
8 44
12 4
2 25
33 1
28 17
5 36
33 4
42 49
17 38
19 22
19 50
10 50
44 17
18 38
3 35
25 3
3 2
38 5
2 15
3 12
30 37
5 47
15 38
44 21
13 8
6 1
50 19
23 4
12 29
31 7
42 38
50 36
28 38
46 20
13 39
7 24
34 44
27 23
19 29
8 36
11 22
50 4
31 21
29 1
44 49
39 39
45 43
11 28
40 38
44 34
11 36
20 42
34 10
25 30
42 42
1 20
3 44
29 4
22 19
4 44
45 28
34 5
46 19
29 24
34 15
50 17
38 33
28 47
34 40
36 17
5 22
23 15
7 19
44 6
47 9
25 11
12 19
32 43
7 26
34 26
22 42
21 37
3 13
11 25
25 38
17 12
13 43
1 39
1 7
10 16
3 44
13 45
26 40
20 9
27 17
49 10
22 39
2 43
48 46
41 12
27 19
47 28
19 15
37 3
17 26
4 23
33 19
31 1
47 50
7 42
25 2
5 48
7 26
35 7
24 29
41 48
42 42
33 32
12 5
19 2
49 15
36 3
8 22
7 8
25 32
42 34
18 24
5 50
21 40
25 21
34 42
11 45
25 5
37 32
3 19
47 1
21 5
17 25
25 43
7 45
26 50
47 28
26 49
9 20
3 14
29 24
33 15
8 18
8 50
12 14
34 45
26 6
23 2
9 25
14 48
29 23
10 5
6 9
31 18
25 15
27 16
49 21
46 8
45 28
45 33
2 4
49 15
9 22
1 36
18 41
15 12
5 42
39 14
25 23
7 9
19 27
5 1
38 32
45 3
3 39
19 5
1 38
20 26
14 49
21 19
15 10
3 25
19 46
30 47
42 3
49 17
30 20
45 32
25 40
37 8
1 31
1 3
27 41
45 16
50 18
32 18
7 30
42 45
32 49
33 26
15 2
32 39
7 35
36 1
47 11
19 27
31 37
38 12
11 23
48 17
2 6
5 39
32 30
44 26
30 23
10 37
11 3
14 28
50 3
26 26
43 24
44 36
4 31
38 27
45 37
6 9
36 4
22 22
9 10
33 3
18 48
44 8
9 21
18 10
15 22
35 49
13 9
47 27
16 39
28 41
40 49
21 40
6 3
37 5
1 32
39 40
44 22
36 43
24 40
14 3
37 48
9 5
40 2
35 13
11 48
22 33
5 15
20 13
35 38
46 40
42 36
38 41
24 35
42 24
29 43
23 14
10 47
49 1
23 13
42 46
23 48
46 30
30 34
6 25
48 48
20 34
32 9
11 23
34 5
47 24
5 16
25 36
32 11
4 3
20 5
43 44
21 15
34 19
35 48
32 30
28 47
45 39
29 23
19 5
12 33
19 31
40 14
37 12
8 34
17 41
11 32
31 36
18 21
28 34
33 14
25 7
24 5
36 17
25 30
37 2
27 7
19 36
3 31
49 16
24 2
41 26
15 47
8 16
45 3
1 47
3 38
36 44
28 50
3 10
12 24
46 40
5 31
25 31
17 42
22 35
28 46
13 26
22 17
39 8
33 43
30 28
27 16
41 31
14 19
36 22
31 15
45 27
21 11
13 26
9 6
2 29
20 6
48 8
46 50
14 50
14 7
43 6
37 43
13 22
39 38
46 21
16 10
25 38
3 2
10 21
8 23
46 37
14 9
34 41
25 41
29 32
29 5
18 9
28 34
1 2
2 47
28 45
15 14
49 18
47 24
4 42
18 15
5 10
4 11
49 12
45 21
27 4
49 10
6 2
32 3
21 20
24 1
26 22
14 40
49 39
47 32
13 45
46 13
28 46
46 44
37 1
26 27
47 41
12 33
6 46
5 10
19 37
33 29
17 9
24 30
37 23
33 7
27 27
45 8
22 44
3 36
47 28
12 29
40 24
20 21
6 17
22 17
32 30
17 3
10 38
40 43
27 33
31 50
50 49
17 13
25 17
2 37
33 50
35 22
2 31
47 9
43 34
44 7
23 17
34 21
45 22
47 49
14 15
20 49
15 25
35 39
47 17
2 6
18 30
32 30
5 44
13 43
13 7
36 17
22 35
39 6
21 29
5 43
28 15
18 49
3 25
20 35
17 29
27 20
20 15
30 23
10 13
18 4
7 42
11 34
37 39
22 15
26 20
31 13
37 45
22 42
33 33
34 40
48 19
7 31
44 24
39 45
26 39
42 5
45 7
19 49
13 8
8 4
28 39
8 33
21 30
6 16
8 22
34 40
5 45
41 49
27 6
16 6
36 14
50 48
38 18
18 28
24 15
22 19
39 27
43 1
7 44
45 12
25 47
44 1
1 42
9 29
9 1
29 36
46 27
17 36
2 28
40 46
7 14
9 40
31 44
2 6
12 30
37 7
48 40
31 5
40 5
9 25
1 20
46 2
27 31
14 12
34 39
35 27
24 28
29 37
18 1
39 50
6 22
49 42
47 23
47 47
33 39
49 5
32 37
26 34
38 21
2 43
10 13
12 6
27 14
2 42
3 9
9 29
31 25
16 27
39 35
38 4
19 30
2 25
45 39
30 21
2 28
46 32
34 12
6 46
43 28
24 36
35 36
22 36
37 23
11 49
8 18
10 9
8 16
29 26
11 46
43 12
44 26
35 34
8 35
50 19
10 12
41 41
29 34
31 19
26 32
21 50
19 19
6 37
23 28
10 27
9 34
2 32
46 43
14 36
9 28
12 4
42 38
37 32
47 17
11 2
14 27
39 11
9 50
5 7
18 42
33 49
9 31
49 15
12 48
37 1
35 1
41 41
40 13
34 6
44 12
18 21
49 28
20 2
36 15
21 48
1 40
8 37
28 15
32 39
45 35
24 22
3 10
34 3
26 3
9 14
27 17
50 26
48 47
40 45
35 45
22 22
22 43
31 49
42 35
32 36
37 38
32 40
22 1
3 25
39 16
11 11
23 25
28 35
44 2
34 35
43 3
15 13
18 44
20 14
13 36
42 5
24 39
41 29
19 17
19 2
35 45
9 15
11 3
29 9
42 35
28 31
37 40
31 26
33 12
3 41
23 47
14 41
50 1
4 33
31 14
3 43
10 25
35 22
20 47
44 39
41 4
50 3
29 27
36 6
35 6
32 50
35 40
18 30
41 13
1 23
10 45
44 44
28 9
50 47
31 35
40 42
21 30
42 42
28 35
47 7
10 3
47 10
46 44
11 47
4 41
16 19
41 4
18 16
19 43
18 14
5 49
37 21
38 3
39 38
13 43
10 33
5 33
8 43
21 19
24 29
20 46
22 15
19 30
28 33
29 20
45 21
7 16
48 38
31 12
10 15
19 43
45 42
45 36
44 37
27 3
4 48
18 15
24 25
42 27
1 37
41 28
31 5
7 45
30 50
47 29
14 30
33 21
1 5
6 22
2 25
37 9
21 7
46 3
23 40
15 46
49 10
9 31
31 30
35 47
1 7
21 5
12 34
8 42
23 33
3 50
23 25
44 46
45 42
13 37
37 43
18 27
45 3
45 42
27 28
50 48
13 9
27 34
49 50
33 50
33 15
37 14
21 40
32 43
24 37
47 33
36 38
34 9
6 33
31 26
24 16
26 29
46 32
34 25
44 3
20 29
19 22
10 49
27 25
24 43
30 6
2 26
37 1
41 44
45 36
33 4
44 9
42 19
5 13
28 37
41 27
2 33
45 16
50 43
44 17
23 4
19 32
42 14
19 25
18 30
32 45
36 23
42 7
46 9
41 47
47 32
31 21
45 18
18 27
45 12
22 17
34 16
4 24
27 10
38 46
9 7
15 12
32 41
28 43
17 20
20 45
27 29
24 26
16 46
13 44
45 41
31 50
35 27
31 29
21 10
20 19
5 12
11 11
31 21
10 37
5 39
21 12
10 34
45 12
27 44
24 13
24 36
14 28
20 37
32 15
2 25
2 16
33 46
50 38
29 40
41 22
20 15
31 26
19 22
35 26
25 34
10 50
4 37
39 24
44 49
29 10
42 19
44 24
15 7
41 37
33 8
31 24
44 20
12 40
35 38
16 2
7 14
20 21
43 44
16 16
43 32
9 7
48 19
3 20
29 35
41 27
14 50
28 11
49 20
31 42
3 4
23 41
41 14
19 23
34 8
36 39
9 8
1 30
14 27
14 48
42 14
46 1
3 6
48 49
28 10
45 25
33 48
44 41
4 7
32 42
17 31
7 45
24 32
27 13
36 3
41 13
3 46
38 27
16 32
33 24
43 9
3 25
26 37
22 2
29 30
50 14
4 33
16 39
17 2
9 43
39 7
35 35
43 30
45 26
34 27
6 27
30 23
17 16
6 23
20 34
13 27
45 49
17 22
46 10
25 23
37 11
21 2
7 20
45 5
16 45
45 11
7 50
22 11
29 24
18 10
4 32
45 48
3 21
36 43
11 39
21 33
7 31
50 23
12 39
24 6
9 9
48 24
19 41
25 28
10 46
34 22
31 15
37 7
15 18
12 19
43 13
47 49
13 18
36 6
47 18
15 36
38 25
27 29
28 31
23 14
5 37
31 42
2 22
26 14
32 6
41 23
8 50
25 14
6 28
2 30
9 50
33 44
33 49
27 40
31 12
26 7
1 7
16 9
32 25
31 6
34 5
3 1
15 42
11 16
16 16
30 23
22 8
33 19
17 24
48 46
13 38
45 14
5 32
31 31
22 6
29 1
8 27
9 13
9 5
29 16
35 48
9 28
16 26
46 49
41 19
5 12
33 29
23 49
30 26
6 6
5 39
37 11
44 27
17 33
4 45
3 38
12 32
4 31
28 43
16 36
33 39
39 38
30 47
31 22
50 28
34 8
1 41
17 14
36 15
2 12
49 37
14 23
9 9
32 9
11 10
8 33
10 44
7 24
27 26
24 6
11 45
5 40
27 38
28 43
2 33
46 8
40 11
9 43
29 10
3 27
7 6
22 30
48 33
18 6
15 17
13 7
12 19
49 37
31 33
4 38
14 46
37 23
8 7
32 32
40 15
22 13
29 17
22 16
26 33
40 3
37 4
43 46
44 44
50 48
30 44
40 5
41 37
31 6
6 40
8 23
27 40
5 30
11 34
32 47
16 13
24 21
36 15
46 8
39 4
13 16
15 9
39 43
3 24
28 15
25 27
46 5
49 25
6 27
18 3
36 26
2 47
28 26
25 14
39 50
36 18
50 29
17 39
20 33
39 37
7 44
2 26
5 36
10 37
9 34
16 47
46 46
49 3
15 27
4 43
2 26
10 6
30 31
34 50
46 34
37 2
27 14
13 38
18 21
38 38
27 38
10 44
34 1
42 32
5 19
6 31
4 16
9 6
30 43
27 44
6 49
28 47
39 23
8 27
29 6
39 12
23 6
38 22
19 47
33 26
48 44
41 15
5 31
6 9
14 4
14 13
14 1
39 11
10 11
22 39
48 27
46 11
33 34
33 13
26 42
3 42
1 10
12 26
5 12
16 13
13 14
47 47
22 15
12 22
11 36
47 49
13 27
48 3
7 43
45 22
48 32
38 27
23 21
40 33
23 12
20 26
24 48
34 10
39 24
33 36
16 13
6 9
15 38
16 43
15 4
24 8
33 13
12 17
32 29
3 1
21 24
5 43
17 31
30 27
17 28
27 34
16 16
4 16
38 14
6 49
7 16
21 23
15 46
37 47
21 33
33 15
4 30
20 29
8 19
44 33
4 22
10 42
39 41
31 37
12 42
10 46
48 44
43 23
30 43
26 12
41 10
34 9
30 11
35 19
40 1
2 35
50 29
10 1
44 36
34 50
22 2
34 19
49 30
31 35
24 3
16 7
43 36
3 18
20 17
20 27
34 12
29 33
30 5
43 5
15 36
46 48
39 48
23 27
29 3
40 33
35 27
1 17
35 43
19 33
3 4
36 16
46 50
34 13
33 48
9 7
24 16
31 49
7 50
15 36
24 18
37 37
38 32
39 27
49 17
47 21
50 29
35 38
38 18
22 42
6 26
47 30
9 7
41 28
43 43
44 9
17 39
13 13
45 31
3 40
24 26
45 11
40 11
26 29
12 21
1 29
17 12
49 39
8 20
37 7
1 44
13 6
28 49
6 47
24 32
13 8
47 47
43 42
23 49
1 21
8 25
18 4
30 34
47 36
9 36
17 4
50 34
25 9
19 17
30 18
28 38
21 31
11 16
33 17
8 12
25 10
10 33
46 49
35 40
47 4
14 8
12 50
13 45
31 42
5 25
30 50
36 22
4 6
32 32
13 26
5 34
38 48
22 18
39 50
2 20
41 27
12 25
45 16
13 12
39 19
34 13
37 10
10 3
33 7
30 30
6 32
33 20
18 36
48 24
47 11
37 49
21 11
15 39
44 4
45 42
32 43
29 33
40 29
7 44
44 8
25 12
33 12
41 22
12 35
41 29
47 24
9 28
12 23
12 2
31 47
45 41
2 27
37 16
24 32
15 5
23 33
38 46
2 23
39 23
20 40
11 11
31 9
31 5
12 44
26 21
13 26
32 4
48 19
49 50
15 33
38 13
5 10
14 19
5 14
42 31
1 14
46 42
10 11
14 46
47 31
42 21
35 47
9 19
29 46
22 27
39 38
6 45
37 44
49 8
36 20
31 42
37 36
49 33
33 14
23 23
41 42
44 17
7 30
28 32
44 17
26 41
49 13
36 20
3 44
39 19
13 47
22 10
9 12
28 44
13 12
49 15
44 27
12 11
27 12
11 26
3 40
40 13
4 16
19 4
6 22
28 24
18 42
44 31
37 46
14 10
17 50
2 20
26 24
37 39
34 13
45 10
36 1
22 13
19 40
4 31
20 1
34 25
44 4
41 42
30 27
24 25
24 20
50 29
32 29
46 34
8 11
32 24
38 3
35 7
24 18
7 36
2 28
26 19
13 24
24 27
6 26
2 41
35 24
35 15
49 16
34 5
41 33
48 5
1 23
38 12
40 40
29 44
14 13
17 37
46 30
43 43
11 7
10 29
8 49
46 34
34 27
23 28
19 8
25 12
41 29
37 10
8 34
29 28
10 21
23 35
7 44
20 2
17 45
42 5
44 2
2 34
12 24
14 41
19 31
35 21
45 6
5 32
39 12
22 32
35 27
27 4
47 3
43 18
17 20
39 9
42 11
2 33
28 4
17 16
10 43
47 24
29 48
2 44
26 20
33 47
35 39
13 37
21 46
23 17
44 8
31 14
16 34
36 6
11 19
41 28
27 16
34 50
12 15
22 10
12 11
9 5
36 29
11 16
14 7
17 9
45 40
28 25
25 37
5 34
13 19
35 3
49 8
4 35
43 45
45 1
28 23
3 39
21 25
48 7
26 23
7 21
23 33
29 14
10 29
11 19
42 3
10 9
48 31
37 22
2 36
47 31
40 23
15 1
40 23
19 15
24 8
45 46
37 15
48 47
49 11
3 6
25 30
5 30
40 23
36 7
8 38
34 46
7 10
43 39
13 3
21 5
4 36
13 2
19 31
43 38
26 37
35 22
19 44
30 36
9 39
42 8
36 4
30 28
5 38
6 46
5 10
39 38
20 36
42 2
47 48
16 7
5 40
44 26
48 19
15 24
35 9
7 44
3 9
30 18
12 42
18 14
18 4
10 12
16 48
43 42
38 30
20 5
26 20
33 22
38 49
18 23
41 45
38 23
15 26
12 36
2 32
32 2
34 11
35 23
31 3
4 43
50 22
31 50
4 37
19 32
29 22
5 2
48 23
45 46
21 23
21 33
12 2
42 18
28 45
15 36
12 45
47 15
44 50
32 23
48 31
42 39
39 40
33 1
46 21
2 24
38 11
3 39
4 41
6 16
42 42
40 13
36 38
45 27
12 29
11 34
37 41
44 29
43 7
3 18
22 24
29 4
33 13
15 34
11 21
18 46
23 2
48 13
50 15
11 40
18 35
19 41
15 43
46 9
22 32
19 13
8 37
28 13
16 44
31 25
25 35
5 28
20 47
42 50
22 8
36 9
49 43
39 37
40 48
5 31
8 42
16 20
36 11
33 7
3 50
29 42
12 5
27 30
45 40
20 9
4 24
50 35
29 22
25 49
4 19
17 31
10 8
43 23
9 34
25 40
34 14
24 39
35 50
48 16
48 19
23 35
5 47
42 42
46 48
45 50
8 37
45 24
43 33
17 47
30 37
8 41
6 21
27 12
32 13
15 47
3 37
33 20
34 44
42 11
41 24
41 31
8 45
3 23
16 50
33 9
46 3
49 4
18 40
3 30
23 10
46 2
8 27
50 22
42 33
15 27
14 16
49 37
12 44
3 8
41 41
37 34
7 48
27 41
33 10
7 27
13 30
37 13
45 12
17 25
46 25
20 34
33 3
37 16
1 4
17 19
50 8
18 25
36 9
48 2
45 49
18 7
14 6
29 2
3 45
15 27
43 12
29 15
13 33
48 31
6 42
2 4
26 14
1 10
8 50
21 45
14 17
45 7
37 45
39 43
18 1
19 35
7 30
11 19
7 49
10 31
50 3
29 27
42 33
17 41
42 21
46 35
11 49
40 35
30 21
47 27
16 29
18 22
36 27
23 11
8 22
7 39
49 15
40 3
21 13
19 5
16 41
18 41
28 42
30 5
44 31
5 47
30 32
44 49
12 1
24 33
9 3
16 49
31 47
1 24
50 2
28 5
28 34
36 6
44 11
50 45
4 9
1 36
23 40
14 44
32 43
38 22
37 27
48 39
14 36
28 20
10 36
24 45
30 34
34 23
15 6
4 13
42 15
39 31
21 8
41 2
42 45
40 49
38 39
12 44
44 20
26 11
24 41
17 37
25 50
16 24
15 39
24 27
46 18
33 35
14 22
46 40
40 24
3 11
27 31
35 39
4 42
31 42
4 46
13 9
20 39
10 37
45 30
2 9
20 10
8 2
19 23
45 18
35 4
1 44
10 35
45 41
24 9
23 14
25 8
7 35
48 1
30 1
6 3
28 37
5 19
19 32
1 31
38 22
28 12
32 46
3 38
19 20
15 14
2 35
1 50
31 26
48 31
3 41
30 12
42 14
17 41
30 20
11 48
16 10
44 36
48 5
26 2
42 19
7 29
19 35
33 13
17 26
8 30
8 11
24 11
2 46
37 33
5 35
33 8
30 19
38 48
4 5
4 50
25 44
3 49
27 38
7 20
19 31
27 36
24 47
35 3
9 37
31 19
14 44
1 3
24 35
5 38
11 26
33 12
45 9
44 5
41 4
16 50
2 14
26 12
50 34
12 38
1 42
14 6
47 9
13 9
22 27
4 6
10 25
2 38
37 2
42 40
11 23
42 26
43 14
38 1
26 31
47 32
1 34
38 18
47 40
29 34
43 41
50 25
49 13
38 21
5 1
15 42
7 32
42 19
40 37
47 35
23 15
16 49
36 34
40 36
49 19
9 27
10 10
10 11
35 6
6 27
43 18
45 49
17 39
10 7
40 21
46 21
45 29
37 36
13 3
50 4
35 28
32 42
38 23
19 5
36 33
23 49
18 41
43 6
11 9
41 6
24 13
5 24
43 7
45 33
9 48
16 50
3 41
17 24
25 6
7 23
3 8
37 14
20 49
24 40
7 18
12 2
6 7
7 22
39 41
22 34
27 39
35 10
42 35
10 4
5 20
30 9
3 17
11 6
17 34
6 49
14 9
23 8
47 47
36 19
17 30
42 21
7 36
5 29
28 6
32 4
21 21
28 11
13 9
33 1
27 37
5 48
26 26
7 23
31 39
39 27
24 30
31 2
5 35
28 11
27 50
39 7
6 22
34 11
27 12
24 16
6 46
6 35
35 41
40 10
46 28
42 1
32 19
40 17
35 21
41 39
10 7
2 40
20 37
1 26
28 50
19 17
39 9
41 10
50 14
29 34
43 42
34 43
17 28
22 4
20 34
45 4
35 18
35 19
14 17
38 12
18 31
4 45
4 5
28 17
37 48
50 11
38 35
7 18
45 27
33 26
10 1
1 1
38 46
50 2
43 12
13 35
14 42
19 48
40 32
28 41
16 19
2 25
44 7
20 30
24 34
39 15
6 28
47 31
37 50
17 16
49 43
13 10
8 7
24 30
32 4
7 17
19 10
30 1
7 32
9 13
20 25
36 26
50 2
11 23
47 38
36 32
4 30
23 41
32 13
20 12
10 13
19 9
16 16
50 43
2 40
27 32
28 17
34 1
35 13
5 10
15 18
25 12
17 42
11 32
45 41
49 3
2 50
41 45
50 50
44 37
49 27
33 49
17 4
50 49
10 29
16 24
5 15
18 20
49 3
29 10
24 14
36 35
14 47
35 15
34 21
14 14
35 12
2 1
27 15
23 40
16 40
16 5
6 9
29 33
49 12
27 7
24 7
8 15
7 18
5 33
14 26
2 22
5 19
40 37
34 27
26 5
21 15
39 11
50 22
21 33
43 25
29 3
50 17
21 30
45 26
33 14
39 41
16 21
7 12
20 25
27 43
7 5
28 14
12 9
38 29
48 44
41 3
17 43
34 1
49 20
8 1
15 7
48 42
28 28
6 1
25 12
44 33
30 8
34 25
2 7
34 23
47 41
9 18
37 48
34 19
36 19
8 33
19 48
17 24
23 33
11 50
2 5
26 36
34 34
13 48
27 17
19 50
8 24
43 25
6 6
41 45
10 44
26 13
44 17
25 44
22 24
6 10
35 8
32 31
5 6
4 7
31 23
8 50
41 42
20 42
45 16
47 40
11 14
9 48
9 17
18 15
9 26
9 5
25 29
10 8
10 15
12 12
14 6
28 14
13 46
47 47
9 44
30 36
29 16
27 37
33 9
1 23
25 3
25 33
33 38
39 13
38 3
29 44
30 41
12 6
3 39
35 37
41 50
47 30
9 44
49 50
47 9
37 2
22 17
26 31
38 1
32 48
16 2
6 40
1 4
2 37
5 1
26 47
38 15
44 49
10 43
18 32
6 6
1 19
32 9
37 2
8 17
47 43
22 39
45 4
36 36
16 16
7 17
39 33
19 41
22 16
40 25
8 13
17 27
11 24
47 33
33 3
28 18
12 26
23 1
3 24
15 26
27 4
27 25
25 17
21 11
24 39
37 37
27 31
35 32
6 17
8 12
7 50
46 40
19 20
20 16
7 45
38 4
7 30
10 20
35 46
44 5
24 6
26 46
39 17
10 10
2 17
17 45
40 26
30 44
19 41
3 43
30 22
37 46
26 27
40 26
49 12
16 39
43 42
35 40
50 43
6 40
45 4
49 37
37 13
36 9
40 20
28 24
34 13
43 40
27 22
16 27
26 32
18 7
11 38
16 36
2 38
31 17
39 17
34 37
31 28
43 37
11 25
45 7
20 5
24 20
47 43
36 11
1 50
22 43
3 27
40 4
35 6
27 38
31 18
49 37
44 28
43 12
3 6
45 17
46 42
32 9
15 42
46 28
11 38
41 40
34 35
46 49
5 12
22 50
8 14
26 38
10 19
47 30
26 44
20 2
2 14
15 21
4 18
2 11
22 19
44 34
17 44
8 14
23 35
48 14
6 50
14 22
11 38
12 41
49 21
29 39
2 13
35 31
46 20
44 3
22 2
29 2
30 5
8 35
45 26
19 29
36 2
15 47
31 38
12 50
21 47
40 43
38 4
4 8
15 46
33 9
30 24
11 16
1 32
30 17
37 29
22 17
20 45
22 37
15 42
41 30
10 49
16 3
41 48
34 2
16 16
48 45
11 9
24 20
5 42
10 18
43 24
20 22
37 27
29 9
45 6
14 1
8 23
30 22
15 2
46 6
41 1
48 15
10 39
34 10
15 16
49 47
21 18
20 27
33 5
43 35
25 46
41 22
41 6
33 18
21 16
37 20
36 20
49 39
42 37
11 29
29 26
43 24
39 10
48 19
46 46
19 42
35 28
1 39
48 48
36 42
33 6
24 33
27 41
4 46
1 11
23 32
48 10
21 3
31 15
45 37
41 40
49 5
37 17
48 2
15 3
11 10
5 32
34 15
18 6
8 37
27 13
30 48
23 29
44 7
24 48
16 10
9 23
20 14
6 45
5 45
34 36
41 39
43 37
17 24
38 7
6 48
36 10
2 21
10 18
27 24
18 22
47 28
25 18
29 50
12 32
42 20
9 36
50 5
4 9
17 23
15 34
19 37
17 13
42 4
45 14
9 22
34 12
37 11
24 31
16 19
23 32
5 6
37 45
29 9
38 40
7 11
49 26
27 25
33 29
23 16
20 36
45 16
24 26
34 45
35 18
4 11
16 30
9 18
44 48
35 3
14 13
39 14
10 47
23 7
43 12
41 14
33 35
9 7
39 40
43 38
29 6
4 3
3 6
45 40
38 26
49 36
39 36
49 46
36 11
19 17
31 38
27 28
44 2
6 29
18 2
40 24
31 32
38 46
13 14
1 9
23 23
46 4
5 8
33 19
5 29
24 13
50 36
21 6
44 41
2 8
30 35
49 41
40 45
11 42
50 20
44 22
23 23
29 18
38 24
31 30
12 14
27 22
29 35
11 21
37 2
12 35
35 17
36 18
19 16
8 5
47 3
8 49
23 42
25 33
13 14
22 2
11 2
50 45
41 19
35 48
39 29
50 3
6 15
11 22
41 14
1 17
47 21
12 11
19 28
41 42
34 31
40 39
20 28
3 28
30 48
42 38
30 17
48 2
14 31
45 24
47 42
12 8
37 35
16 19
31 31
38 23
22 5
37 44
36 28
17 44
12 44
16 25
28 39
29 30
20 17
48 17
23 40
47 42
46 49
14 27
32 28
12 13
22 15
27 50
17 36
21 36
24 34
19 25
19 25
48 20
40 45
8 9
34 46
36 20
12 13
21 48
34 16
42 33
13 12
26 14
23 12
48 27
46 6
36 15
4 13
46 16
12 46
50 18
23 22
40 40
3 36
34 27
41 13
44 31
37 17
19 19
19 16
40 37
30 34
40 10
5 5
10 31
32 6
46 38
19 38
17 27
4 12
48 39
9 24
47 32
43 23
23 47
42 5
30 17
45 5
19 16
34 43
3 49
50 29
46 7
14 26
5 18
19 12
40 32
29 21
21 12
35 12
33 5
33 39
20 41
34 21
12 30
30 38
5 3
29 8
22 50
44 42
10 16
32 31
11 49
10 31
29 20
41 36
9 21
26 50
34 15
28 2
10 21
49 22
11 8
18 15
16 24
42 40
15 48
31 6
44 1
32 43
28 22
39 8
43 48
3 24
32 49
30 7
20 4
22 5
47 8
34 44
10 33
45 10
47 47
47 40
25 12
10 19
46 7
46 10
28 34
12 41
27 32
10 18
37 46
30 48
1 38
9 27
4 50
17 25
4 38
50 43
22 14
19 25
13 50
24 3
41 48
45 37
28 34
7 37
37 15
30 45
5 47
49 6
6 3
39 12
4 35
16 33
28 18
36 22
4 42
42 16
47 29
31 18
34 9
1 39
23 7
2 23
43 29
8 15
36 29
1 15
32 11
48 50
23 40
37 18
1 33
7 31
2 37
38 43
49 16
40 47
41 30
11 50
13 27
18 35
43 29
17 45
16 20
14 33
37 39
13 32
14 34
2 41
28 23
42 21
4 49
37 13
3 45
19 7
6 39
37 2
30 48
47 20
50 34
49 8
36 22
47 29
11 36
39 17
48 8
9 10
44 37
25 13
26 32
25 22
42 40
10 30
3 9
31 34
40 49
12 41
16 5
49 50
15 34
25 37
33 29
30 44
25 42
24 6
34 5
4 17
25 21
39 45
13 12
40 28
10 41
18 50
5 45
14 25
14 24
39 29
13 42
29 7
30 40
24 3
19 47
19 18
6 35
15 39
34 48
32 30
18 50
16 36
38 29
27 33
30 6
24 23
45 40
34 33
37 41
26 1
15 8
38 29
12 4
20 28
33 20
31 4
36 10
49 15
38 22
47 33
4 46
37 24
5 34
47 8
10 44
50 27
41 13
18 11
33 48
29 21
14 34
10 14
43 9
6 28
4 37
40 2
37 10
17 37
28 47
45 40
45 38
2 49
47 32
50 33
24 14
39 16
23 44
35 45
30 43
6 49
25 12
36 42
7 4
10 9
23 18
29 41
34 22
6 42
26 16
15 32
22 28
44 39
11 16
32 47
20 47
26 13
48 44
36 40
29 24
14 37
42 22
42 21
35 41
47 23
46 39
6 31
22 4
43 11
17 2
8 30
43 36
10 6
5 1
44 3
47 31
26 33
18 47
49 44
13 26
26 49
30 11
8 28
15 14
37 17
3 27
35 26
34 47
22 18
12 28
1 44
26 22
11 4
9 42
29 44
36 3
31 19
11 46
46 39
41 27
10 46
13 38
49 20
35 13
29 2
22 29
42 35
10 24
27 45
9 17
29 11
37 13
15 49
46 49
40 10
4 8
8 38
37 14
10 30
13 29
31 7
49 7
3 25
45 49
19 43
23 15
29 33
37 44
39 3
36 8
27 38
49 20
36 44
38 45
28 12
41 47
17 12
46 14
3 19
10 10
21 43
48 43
24 50
33 25
32 41
20 6
40 6
50 6
21 50
45 13
44 22
39 26
22 31
48 19
27 14
12 1
16 32
20 10
16 25
47 32
6 22
23 40
7 29
13 20
27 13
8 45
33 40
32 41
5 26
34 31
35 8
47 34
22 26
29 37
16 26
34 11
37 27
16 6
7 14
43 24
43 12
9 25
9 6
15 15
32 32
39 44
18 10
21 48
25 29
36 27
12 20
13 6
10 45
47 46
39 31
15 50
31 3
48 15
3 25
34 50
34 49
43 36
27 22
29 24
38 46
10 37
49 24
43 7
25 11
25 3
5 50
19 22
32 50
25 45
48 24
29 37
8 40
11 35
15 30
5 13
10 16
25 30
20 31
32 5
12 22
22 46
5 34
10 41
37 4
1 11
23 29
39 11
1 1
50 45
33 5
30 28
9 6
20 26
20 37
41 13
16 50
35 1
47 3
24 33
25 7
13 36
19 6
18 31
43 30
28 40
47 17
48 48
10 10
21 22
15 38
15 45
40 32
12 50
12 1
50 8
5 49
48 47
8 5
17 17
46 22
8 11
13 20
6 33
48 20
26 18
18 31
11 15
47 8
40 35
39 34
26 36
29 44
38 7
30 27
29 3
18 17
38 33
15 35
45 8
33 5
2 18
34 38
3 41
32 37
46 35
23 17
37 28
10 15
14 20
43 47
37 47
38 19
14 45
20 7
11 47
29 4
47 27
13 36
41 16
4 7
7 46
15 30
31 38
10 42
19 39
31 4
38 8
41 15
42 36
36 22
23 33
43 30
8 26
15 48
27 39
26 30
32 26
1 43
46 18
31 25
39 39
27 47
22 38
18 22
25 1
43 32
8 20
27 36
19 48
44 4
48 11
21 27
41 7
28 2
47 47
31 4
43 10
50 50
12 25
31 33
4 1
29 46
48 18
46 48
48 23
34 5
27 41
43 42
24 15
49 20
33 9
39 50
38 49
4 39
20 16
35 33
18 46
42 36
35 27
4 4
7 32
9 7
35 15
8 8
46 2
37 42
46 48
43 7
33 26
35 25
19 33
15 28
20 30
6 1
45 46
35 9
22 27
47 16
13 29
35 36
31 45
45 13
2 23
34 9
18 8
9 7
17 20
38 29
9 39
41 42
18 38
3 6
20 10
7 41
10 35
2 4
41 1
49 18
30 33
19 50
8 43
41 36
1 38
12 8
25 9
10 10
8 9
23 50
27 29
25 15
29 46
16 17
34 31
34 21
21 2
39 23
40 14
2 35
46 29
12 11
9 8
14 1
37 50
34 6
26 27
19 26
45 4
44 30
23 34
7 32
45 24
2 13
48 47
21 41
28 47
21 33
15 26
6 29
17 39
38 48
29 18
49 10
19 17
5 27
1 41
16 23
29 29
34 13
34 34
12 4
8 40
21 8
49 26
23 48
35 10
11 31
13 10
6 8
45 50
27 19
32 24
29 16
45 50
34 48
11 26
11 49
20 2
14 14
5 8
17 47
49 30
7 18
20 6
44 36
39 32
15 50
48 18
35 30
10 11
48 7
11 25
22 1
32 40
42 29
33 37
12 50
41 43
46 25
9 50
42 11
9 27
32 18
15 6
45 38
4 26
2 43
43 1
26 23
7 47
25 18
46 36
14 36
44 20
47 21
37 5
18 5
23 16
42 11
6 11
18 41
46 4
48 35
30 15
9 15
39 40
9 13
11 33
41 11
24 29
36 1
39 26
7 38
46 41
17 46
40 9
39 1
33 28
24 11
44 4
42 28
43 11
32 19
38 31
8 5
21 13
6 11
25 7
6 10
44 11
3 32
33 48
17 38
41 35
26 34
12 30
33 39
9 43
47 29
38 31
29 20
13 30
50 42
42 33
24 23
37 25
4 38
10 32
38 43
43 19
41 1
32 46
38 38
23 33
7 48
44 26
34 50
36 8
47 35
48 4
3 27
32 50
23 27
30 15
42 44
30 35
42 3
1 16
30 27
42 30
17 33
39 50
40 6
13 12
20 50
39 9
46 30
50 18
22 2
25 15
48 45
8 26
2 47
7 3
39 34
44 38
46 45
5 43
44 8
3 23
44 40
7 21
8 13
35 33
32 12
2 31
5 20
43 9
9 46
31 20
45 37
23 28
50 13
25 34
23 37
11 29
31 1
41 7
1 11
6 39
43 21
2 25
46 25
31 18
5 15
15 38
45 5
19 13
12 11
4 22
46 3
5 27
15 21
3 40
11 10
36 5
44 46
27 24
9 18
20 19
31 32
39 15
23 41
37 40
38 46
3 34
3 22
49 44
7 48
14 30
25 50
38 16
25 49
30 25
19 44
6 30
37 11
13 28
32 1
45 36
24 11
29 42
41 6
4 10
13 22
50 23
29 47
13 33
3 43
14 13
34 32
26 7
50 41
29 26
50 18
30 24
25 46
45 32
17 15
32 6
5 15
49 49
5 21
11 10
45 18
43 2
50 6
33 42
12 30
30 40
32 36
12 49
46 21
37 4
11 27
15 13
17 39
38 46
2 40
6 29
19 18
21 26
27 3
14 21
26 20
35 8
41 15
28 15
41 17
48 16
4 12
44 31
47 8
17 36
15 32
33 42
44 39
29 47
12 11
34 2
11 7
34 10
27 37
21 37
25 35
20 4
13 24
9 5
20 22
3 20
26 46
32 31
9 37
21 31
44 14
37 45
30 30
39 21
30 40
48 5
47 5
1 8
46 7
12 22
17 9
41 35
8 36
18 24
10 50
44 28
3 4
12 9
19 18
48 18
36 46
46 6
30 14
17 11
14 3
35 8
16 27
31 19
44 9
45 29
34 25
9 16
35 49
17 20
35 50
28 7
5 19
12 18
19 47
48 41
6 41
23 1
43 33
6 43
4 25
3 29
24 20
29 17
35 30
21 33
15 32
6 12
3 23
47 6
43 37
28 40
30 17
31 24
40 13
33 6
37 20
5 38
40 9
22 9
37 37
5 26
50 30
18 18
2 47
10 38
42 28
49 36
14 4
32 32
41 25
23 36
28 35
9 21
44 3
22 18
27 31
26 43
14 17
27 40
40 45
37 9
48 4
31 36
19 17
38 12
10 50
1 11
10 11
37 27
44 29
4 9
8 12
46 6
14 38
6 41
42 35
18 31
43 26
1 27
13 39
31 1
1 15
44 42
49 46
10 31
47 33
22 44
39 4
19 38
1 32
23 23
12 11
44 35
15 35
42 42
14 11
13 15
13 17
26 8
33 12
49 46
28 32
13 9
22 6
44 44
34 18
47 23
21 19
9 30
36 17
46 38
38 38
10 39
28 19
27 22
23 36
39 36
14 34
4 40
16 46
32 17
23 40
14 30
28 42
28 33
46 27
32 32
17 5
47 34
44 3
10 39
28 47
46 3
23 25
42 27
3 7
26 39
20 34
6 3
46 4
17 3
7 28
35 9
17 50
25 1
31 38
49 43
26 29
9 29
23 13
32 14
23 9
1 11
29 49
42 10
31 30
39 49
11 48
40 33
36 12
24 9
46 10
32 40
11 42
39 37
1 32
32 29
17 7
5 33
29 30
30 31
29 21
3 34
7 36
48 26
50 28
7 41
11 13
19 9
47 50
27 4
39 18
23 10
36 1
32 6
7 21
37 14
35 43
37 10
36 45
37 6
26 2
40 42
1 5
12 24
30 20
18 49
13 37
31 7
11 5
43 39
3 24
11 3
20 27
16 50
35 18
1 42
3 32
30 40
49 25
43 33
26 24
1 26
48 36
13 37
32 37
12 22
23 20
29 22
14 28
4 50
44 42
40 18
25 1
13 23
13 21
21 50
3 10
6 27
31 44
14 7
49 9
20 15
5 12
46 29
3 5
10 44
33 9
16 9
46 31
22 31
50 45
40 14
44 30
13 10
49 47
21 45
24 42
26 39
11 16
13 22
42 5
7 30
41 44
26 22
43 47
50 10
6 7
2 2
7 40
31 21
30 21
45 1
6 36
41 42
13 24
5 17
28 17
8 6
23 46
30 50
42 5
34 27
24 40
3 16
10 49
28 48
46 24
7 50
6 2
19 21
13 31
13 33
34 28
13 22
11 36
47 33
7 36
7 3
4 32
29 19
19 45
36 21
35 7
40 19
2 14
7 2
5 18
45 44
8 6
13 46
43 25
11 39
38 45
48 48
34 18
15 45
3 20
8 36
30 34
46 13
38 14
12 45
16 50
45 37
32 30
5 33
48 36
43 3
41 29
9 22
27 34
21 16
3 18
44 34
5 12
31 21
47 36
24 50
49 38
20 37
48 47
25 22
44 49
26 26
49 4
45 45
27 36
12 23
8 38
27 48
26 41
35 15
34 39
12 30
42 13
33 48
44 28
41 30
1 47
7 47
13 49
10 32
25 26
9 16
50 7
22 9
25 18
35 28
22 6
19 46
43 11
1 46
45 48
6 19
18 33
47 14
3 4
16 29
31 48
47 14
7 7
37 15
25 8
8 33
6 3
32 7
38 22
21 46
35 21
24 18
8 6
47 25
20 38
6 20
21 42
48 20
18 21
46 14
41 29
8 43
26 49
5 27
4 2
36 23
19 1
38 19
47 2
23 33
26 29
32 45
36 8
5 4
16 41
29 50
29 45
2 18
48 50
1 2
13 43
38 49
16 45
12 18
39 41
4 11
28 1
4 24
48 42
32 42
18 32
15 16
6 27
20 35
10 2
43 38
7 13
14 45
4 37
45 35
37 45
38 23
32 33
50 3
39 20
18 25
28 18
48 26
34 17
20 22
28 42
28 8
29 3
15 40
32 25
33 38
34 15
11 24
9 16
31 5
39 12
6 27
7 23
11 50
11 19
12 7
18 26
7 4
23 37
32 47
40 23
2 32
8 17
29 3
15 40
32 49
31 41
25 33
49 27
8 3
26 38
45 22
27 10
19 15
39 46
41 47
50 22
50 8
40 35
12 5
35 28
2 28
14 18
35 34
25 40
19 5
29 41
12 29
27 50
49 9
8 6
5 42
9 17
1 9
33 36
50 2
32 44
11 47
35 32
41 32
36 24
6 1
13 28
6 50
26 8
37 34
25 33
38 14
2 41
24 1
3 47
22 41
13 6
29 34
22 5
12 9
33 47
39 41
5 11
50 14
33 27
11 24
45 47
34 50
25 18
13 17
27 42
31 36
49 14
49 1
46 10
17 6
40 31
33 30
21 13
37 16
47 13
21 25
41 43
14 31
20 25
29 7
5 44
44 43
24 41
41 24
28 49
24 14
3 25
47 25
40 25
22 39
44 33
43 29
29 30
19 28
22 17
5 47
37 42
50 31
25 40
5 34
22 48
8 37
41 37
44 16
28 26
46 36
41 24
44 22
48 25
35 14
25 14
15 19
6 13
31 23
14 2
45 25
3 9
21 1
11 25
15 49
35 16
2 28
14 18
10 45
9 21
20 40
47 1
2 46
31 14
41 2
1 40
49 15
20 29
32 40
40 3
16 27
2 10
29 11
29 21
33 14
4 1
38 21
21 42
23 48
27 36
2 21
34 30
40 27
13 29
22 39
17 15
18 12
28 48
9 28
38 13
15 7
26 34
24 37
42 2
2 50
34 11
9 31
45 10
26 32
36 46
41 36
46 11
16 50
48 15
30 1
38 7
30 14
4 15
41 42
28 38
49 10
46 46
3 27
24 48
30 2
6 38
34 44
13 40
5 46
32 24
16 29
37 23
5 42
1 31
11 37
42 49
40 8
21 7
48 41
34 23
18 25
46 4
27 28
17 13
13 15
37 8
9 49
42 19
5 42
20 35
9 13
26 33
8 46
34 24
26 14
8 8
43 35
6 6
17 50
9 15
6 38
27 34
23 50
48 38
39 44
27 26
13 44
4 21
50 10
6 4
48 22
45 33
10 5
40 21
42 26
48 40
44 28
3 17
4 14
1 20
23 50
37 7
22 3
40 6
45 49
42 5
18 12
29 43
38 48
46 38
44 41
18 32
4 15
46 7
11 7
13 24
5 2
5 35
32 31
7 48
33 12
27 30
16 11
48 28
3 37
19 30
10 30
9 46
24 39
26 34
46 42
49 10
6 47
43 4
32 32
31 35
6 45
43 25
47 33
41 17
25 29
13 32
17 24
3 10
43 11
17 14
13 46
19 36
25 27
35 25
2 14
31 11
17 12
39 43
38 14
41 28
32 12
25 32
42 50
36 13
16 26
27 21
23 46
35 19
49 25
22 29
33 5
35 6
45 14
22 24
18 48
45 33
26 5
31 28
33 5
9 44
42 1
48 18
25 15
35 9
30 27
2 22
3 27
2 45
25 31
2 31
40 39
38 38
21 27
39 44
47 34
20 3
42 17
2 6
43 30
10 17
30 40
37 16
22 32
5 5
43 21
11 2
33 17
30 24
38 23
6 10
45 20
6 13
14 25
20 26
22 44
4 18
16 34
22 7
29 2
31 42
36 34
19 14
5 14
12 50
9 9
13 5
2 47
44 8
44 18
14 37
48 19
18 8
30 34
23 30
14 10
42 27
18 38
31 12
11 9
14 17
2 22
10 8
29 8
25 24
27 12
26 41
19 20
31 25
11 33
22 18
45 45
48 49
50 9
27 46
37 22
34 46
2 42
12 22
9 45
24 4
4 40
30 34
33 30
32 35
40 14
25 24
6 46
43 23
43 27
31 20
44 37
27 22
11 14
23 48
44 36
1 18
15 11
6 13
39 13
18 29
39 34
36 6
7 8
49 21
3 45
33 14
24 22
6 45
48 46
4 29
14 4
47 48
5 26
13 41
1 4
47 33
34 26
37 32
42 35
34 5
6 10
26 2
18 27
6 45
29 8
21 5
50 31
9 23
49 15
40 40
23 2
11 25
35 3
40 32
24 21
28 27
27 6
6 45
2 27
8 11
43 50
46 30
19 44
11 34
42 26
7 26
35 30
17 26
24 35
42 28
23 35
13 44
30 50
36 44
26 48
32 31
3 35
18 4
21 2
4 49
45 37
36 22
47 6
32 45
7 34
46 19
22 18
20 42
23 9
16 2
22 32
32 47
49 22
26 10
47 7
14 44
45 23
30 30
9 23
43 36
29 49
48 25
28 47
37 24
29 24
27 50
27 39
18 19
24 28
48 23
7 18
11 47
31 39
18 10
37 3
22 21
1 31
33 5
8 10
37 9
14 50
22 38
9 39
23 4
6 40
2 26
7 33
41 46
31 13
11 27
1 48
13 25
38 48
32 26
22 38
9 44
29 4
47 37
16 34
50 45
49 47
12 41
2 33
13 7
10 6
18 9
27 16
27 25
15 30
44 47
34 13
11 32
17 31
9 49
29 33
17 28
49 27
38 18
3 37
6 2
30 29
29 17
8 50
44 5
26 7
23 24
22 20
23 17
29 29
18 39
35 40
25 42
7 6
12 44
3 18
38 8
25 25
10 29
31 29
40 31
15 28
21 16
11 28
30 34
5 37
32 22
5 11
31 12
18 21
46 6
6 36
40 10
39 16
4 32
12 25
15 35
14 26
49 9
12 24
48 24
15 35
23 11
39 13
39 38
16 49
43 23
30 30
3 23
23 9
3 35
2 24
40 10
46 8
46 4
25 13
29 5
18 10
50 39
26 7
1 49
27 2
25 40
12 24
29 18
45 13
31 35
42 6
13 22
37 3
16 14
7 30
17 13
26 29
46 27
8 33
29 16
48 26
28 29
34 44
49 19
17 25
32 2
47 48
29 32
46 18
26 25
48 12
26 3
33 29
18 29
16 17
22 34
24 22
49 7
7 50
4 12
30 23
28 25
37 28
14 28
4 15
8 19
15 40
21 6
13 17
11 31
11 33
8 8
44 22
14 20
16 27
32 9
2 21
39 15
42 48
21 23
14 45
38 12
3 31
16 9
21 35
28 18
44 31
38 11
5 30
5 27
33 44
30 30
42 44
14 34
13 15
31 15
17 42
16 2
3 7
41 42
11 33
21 44
23 25
8 48
25 29
3 16
37 17
11 1
21 2
22 19
46 41
33 8
19 41
14 26
30 13
5 26
17 8
41 30
43 1
29 32
32 45
35 8
1 44
45 5
8 44
9 34
24 50
47 49
31 43
34 40
12 10
43 37
47 8
47 10
35 25
18 28
6 28
46 50
36 46
38 4
23 6
16 23
13 46
24 21
19 4
31 1
47 18
3 31
33 41
34 43
18 26
50 3
42 40
22 46
5 21
49 20
45 39
13 34
29 2
4 4
20 33
45 15
17 33
15 30
4 5
18 48
22 32
21 44
15 13
32 19
42 18
47 27
35 32
37 49
10 4
33 49
20 1
1 49
18 47
9 26
16 22
35 34
16 24
23 35
17 12
32 27
37 9
44 9
25 16
3 32
5 7
46 11
41 12
12 7
47 39
5 37
41 41
6 8
4 1
35 50
1 16
26 37
37 39
40 29
17 13
20 36
26 11
16 42
45 42
8 11
11 19
5 40
23 4
11 35
34 8
22 1
40 9
49 28
49 27
21 9
43 13
19 21
9 40
5 8
48 36
14 3
41 47
11 2
49 16
22 18
12 24
1 10
1 36
6 34
21 38
32 25
36 50
4 41
41 42
40 5
45 15
50 7
20 48
41 33
25 37
10 34
38 16
15 32
19 13
21 20
19 10
1 11
24 47
1 35
46 44
42 46
3 1
38 47
23 9
20 48
21 34
50 38
50 4
23 50
4 15
6 9
29 47
36 32
22 28
30 39
37 26
19 8
12 3
25 40
22 19
26 43
26 42
49 26
27 36
3 23
42 8
40 20
14 30
23 12
46 33
32 3
28 4
32 38
47 13
16 39
3 38
49 30
14 39
35 11
13 31
9 6
17 13
4 31
39 28
1 27
36 3
19 26
12 26
3 31
47 16
22 46
45 15
16 41
26 37
3 13
43 30
6 28
46 13
39 38
4 31
33 15
44 21
24 1
44 29
8 10
6 17
17 38
5 31
28 36
12 32
29 13
45 10
4 31
23 38
7 42
41 45
5 42
32 22
22 22
47 12
17 22
22 19
10 47
30 43
5 31
35 16
43 10
38 13
8 22
30 5
25 35
27 46
24 33
32 12
9 3
19 20
50 2
12 26
31 14
18 50
48 36
42 4
21 6
9 37
35 42
2 19
48 8
1 47
41 20
24 1
48 17
15 40
1 42
42 3
26 48
47 13
12 2
39 23
27 41
38 33
38 41
18 46
25 19
3 31
25 41
15 45
25 33
31 6
18 24
12 44
14 50
19 45
42 38
38 11
33 42
48 25
47 23
41 34
15 20
21 41
8 15
47 3
14 30
2 27
49 20
12 15
14 47
9 9
20 31
9 31
37 44
7 38
17 43
27 11
16 1
48 38
38 22
50 13
11 15
23 13
48 1
35 43
23 43
34 32
27 37
2 47
6 9
49 34
45 28
48 36
1 44
7 18
47 45
22 14
26 6
15 28
47 7
2 35
17 28
33 23
16 31
22 14
20 23
8 14
42 3
24 15
23 42
36 42
30 26
13 49
40 26
19 45
38 32
5 42
6 4
3 19
47 18
24 27
39 38
9 40
28 31
18 31
32 26
32 30
35 40
23 18
21 16
46 16
15 21
6 2
11 18
7 25
33 7
19 32
25 46
24 3
26 18
47 36
2 10
15 17
19 17
14 47
10 49
38 9
36 33
4 31
42 12
40 34
4 3
39 7
30 50
46 20
32 28
48 3
17 42
48 19
18 47
35 24
8 16
43 2
40 6
10 40
49 35
4 43
31 2
21 47
45 2
15 32
38 9
16 46
31 26
23 15
18 26
8 39
36 21
6 41
32 47
39 50
29 14
3 49
5 9
46 16
13 10
17 23
21 37
47 43
28 48
4 40
6 31
24 45
2 38
16 15
23 26
8 33
47 43
44 40
44 6
46 9
3 48
35 43
43 18
46 34
1 20
46 40
18 50
10 25
33 35
22 34
44 39
4 11
23 29
6 11
46 46
20 30
48 31
27 1
19 4
2 21
43 35
7 40
9 26
47 23
18 2
5 31
11 24
10 8
25 2
12 37
17 50
18 26
43 11
47 14
38 18
14 35
1 31
40 26
30 10
11 44
13 48
20 15
10 2
43 30
29 43
29 12
3 20
28 46
9 20
48 28
5 49
43 16
37 26
37 35
24 35
19 4
9 10
44 45
41 18
10 1
42 18
16 44
41 13
36 45
18 41
35 40
43 3
19 5
11 7
39 13
26 45
41 6
15 22
38 16
24 6
17 3
36 21
40 21
20 32
40 15
26 33
32 37
2 21
9 45
17 33
10 32
30 36
24 16
1 50
25 1
25 6
1 44
43 46
7 33
49 21
34 23
29 15
18 6
41 3
1 49
38 7
20 22
23 17
30 15
2 34
25 11
29 1
16 27
12 49
1 10
49 32
46 12
20 26
21 38
12 50
5 31
12 3
44 13
21 27
33 48
39 50
9 17
43 14
37 35
38 43
40 18
48 48
47 12
16 33
19 17
15 22
2 46
8 7
21 37
27 15
29 48
47 25
10 32
50 16
23 32
37 41
38 27
40 20
17 18
45 8
16 49
9 46
23 41
16 24
24 4
48 35
14 20
20 26
47 11
29 1
47 18
50 18
37 28
13 20
26 27
45 22
21 22
39 1
29 26
2 44
49 24
21 2
16 30
19 50
15 3
40 16
30 7
46 38
50 26
28 49
24 42
26 39
40 19
25 2
5 1
21 24
10 7
8 12
48 16
36 35
35 28
13 11
49 8
49 33
6 36
24 15
50 29
46 39
37 43
14 11
22 47
48 25
49 14
1 19
16 9
27 30
17 10
14 47
48 24
17 10
28 43
23 22
46 50
48 35
49 10
42 46
3 32
12 24
9 25
34 37
44 10
9 27
36 20
7 19
16 15
42 4
50 33
6 15
40 46
7 21
22 49
12 12
13 23
7 23
17 24
18 37
12 38
8 6
17 35
41 41
27 17
8 9
16 22
49 48
38 41
46 18
1 18
30 41
48 21
50 38
33 37
30 21
2 37
35 46
40 15
45 41
39 28
12 7
32 9
18 6
27 4
8 39
38 32
9 47
46 47
14 31
11 39
17 5
12 45
13 39
48 28
32 19
14 7
50 21
27 39
32 43
45 25
43 17
14 3
33 39
9 50
16 26
17 25
15 7
26 25
20 31
28 2
23 26
40 33
10 23
40 26
39 33
10 3
10 44
17 39
30 1
35 20
19 15
19 36
25 9
7 14
48 11
44 32
28 39
23 29
34 13
4 36
43 30
14 48
38 21
37 14
14 30
13 21
49 45
31 4
9 20
40 22
19 20
39 1
39 16
37 46
38 46
3 43
12 47
25 41
50 25
25 41
34 45
32 28
21 10
23 8
40 14
45 10
15 25
49 14
41 50
42 10
48 39
38 38
31 41
9 16
49 31
9 16
39 45
4 34
32 1
44 43
23 19
1 17
25 48
29 44
28 44
8 35
45 28
2 50
31 11
6 42
22 6
27 16
4 44
42 17
11 29
7 46
21 24
33 5
48 12
38 40
41 43
4 43
22 42
27 37
18 18
25 28
48 8
23 17
18 8
10 14
36 50
38 46
49 50
12 21
12 1
41 48
6 34
5 1
9 38
34 34
28 50
1 34
23 50
50 21
37 7
30 19
10 11
31 12
27 28
13 8
5 28
23 48
47 2
48 16
8 2
47 15
33 17
5 48
1 29
44 44
46 35
5 34
5 50
24 27
47 46
40 44
18 17
14 46
5 4
18 49
34 7
27 15
16 50
35 23
38 11
49 21
34 35
46 33
8 19
35 15
4 4
16 35
2 4
26 32
16 5
31 36
29 39
10 21
5 8
49 30
9 36
19 20
36 39
25 46
46 10
5 36
36 32
26 20
37 38
2 7
14 21
40 21
31 33
8 18
24 12
26 21
30 32
19 17
34 26
29 46
3 49
12 40
28 21
32 42
9 5
33 10
30 30
46 8
11 17
30 50
49 26
30 1
46 38
45 40
16 30
32 5
20 48
39 36
31 20
49 32
8 10
31 19
19 46
29 17
14 31
8 48
38 6
44 22
29 50
9 17
9 27
27 12
40 25
14 23
39 39
24 48
33 23
17 7
37 50
34 11
24 42
38 15
9 21
10 31
45 14
29 47
12 16
25 47
28 34
2 30
34 18
44 41
7 36
22 14
40 39
24 26
32 36
34 22
43 18
33 31
22 47
38 19
1 33
9 28
49 5
21 28
36 11
39 14
11 34
48 29
39 38
47 23
22 14
45 27
42 15
1 12
43 10
3 11
40 5
8 13
5 50
8 39
23 25
12 12
28 28
46 40
22 14
8 47
16 4
32 40
5 2
16 36
41 50
7 34
10 40
29 13
39 30
6 24
9 34
22 15
47 48
5 39
33 19
15 49
34 33
8 20
10 49
33 37
15 48
41 3
45 7
3 28
2 35
15 22
39 38
36 42
32 6
46 45
21 32
24 22
13 14
46 16
17 35
18 38
3 36
14 12
34 47
41 32
29 25
45 10
37 4
35 23
3 11
44 36
46 21
8 48
45 45
40 31
21 34
13 23
17 21
20 23
37 34
10 29
30 39
45 13
28 50
45 32
28 3
46 47
47 11
34 8
23 18
38 50
33 16
22 27
47 27
20 21
7 6
12 22
43 5
33 44
16 12
16 28
34 3
13 28
28 25
50 7
47 45
28 21
13 7
44 37
20 47
36 26
34 5
30 37
49 26
46 39
27 3
28 18
17 15
17 14
50 24
39 7
46 43
48 9
13 18
39 7
26 1
8 23
40 27
37 19
48 21
48 17
9 50
45 19
32 48
9 12
41 21
34 23
17 32
46 5
46 28
36 29
4 21
15 49
49 43
18 36
5 25
6 48
6 38
47 47
29 1
39 41
12 50
41 37
13 45
12 1
4 40
19 25
44 34
3 48
9 23
1 39
43 13
17 32
29 12
8 6
13 5
50 48
45 2
35 21
12 4
17 28
44 35
19 49
45 16
32 35
31 30
6 1
20 28
16 41
4 50
2 1
11 36
20 23
32 25
6 17
30 6
20 2
37 7
17 46
46 7
32 24
43 19
48 48
46 17
27 27
26 42
10 1
5 28
34 38
39 25
26 40
9 19
31 41
27 43
13 32
5 36
20 16
1 8
13 22
32 46
38 41
23 36
46 26
20 14
3 37
19 47
27 35
13 42
39 33
9 25
5 29
6 8
38 3
16 50
38 42
35 8
38 8
34 41
42 40
37 14
6 49
50 3
39 2
38 35
5 29
7 45
34 20
18 13
38 31
43 29
9 33
31 9
13 25
9 48
47 8
7 47
37 11
28 24
42 30
32 47
16 37
29 28
36 6
19 31
47 33
32 10
18 22
38 7
4 17
3 13
41 14
32 2
21 46
23 14
32 43
28 22
49 37
22 19
14 39
33 15
31 10
42 8
31 36
4 17
32 49
49 46
4 48
11 18
36 11
1 28
46 15
46 2
2 4
1 33
12 5
34 28
30 42
17 10
30 23
18 31
29 15
39 22
6 44
41 32
6 8
7 50
3 38
43 7
31 45
29 22
13 28
2 44
50 46
25 24
46 29
17 43
42 24
8 46
8 43
43 33
46 6
8 45
4 10
44 19
10 48
18 42
42 30
1 12
19 9
9 24
29 39
18 46
36 8
46 39
15 6
35 39
28 17
49 16
49 28
19 29
40 45
39 47
33 11
16 35
9 24
49 22
13 33
7 33
19 41
13 25
11 5
30 21
7 3
29 27
14 8
33 49
32 34
46 38
11 35
3 6
16 43
42 42
48 49
44 16
28 19
15 45
34 9
42 7
6 26
27 36
38 46
6 37
49 20
10 24
33 31
50 14
4 45
39 14
1 17
25 7
25 2
50 20
35 46
1 35
19 22
1 43
27 12
30 31
3 7
18 45
42 4
50 50
13 8
42 24
8 46
10 8
6 21
9 36
33 21
39 25
23 36
44 1
18 44
8 48
30 18
34 17
40 16
44 43
26 5
27 31
50 27
17 14
25 43
46 33
40 48
27 8
5 18
3 33
5 6
46 44
11 13
21 23
11 22
15 45
4 1
11 47
33 8
21 38
29 7
5 17
1 46
38 30
45 28
14 23
31 18
17 40
19 30
26 32
19 17
1 29
25 22
45 24
36 10
21 30
2 12
13 27
36 44
9 50
24 13
46 7
36 33
28 6
18 31
32 21
9 6
24 9
48 29
15 11
17 31
18 29
29 23
34 13
9 2
28 16
31 35
5 36
28 39
8 10
31 15
14 14
30 26
20 15
23 9
8 17
37 42
2 11
17 44
35 34
47 42
20 49
39 20
10 46
2 19
50 30
17 45
14 31
8 32
46 30
33 32
31 40
37 5
10 9
28 40
17 12
26 44
10 33
46 18
22 45
36 23
25 24
17 29
27 50
47 5
37 44
29 6
8 6
42 3
39 43
28 39
7 2
25 1
39 29
25 20
38 7
38 5
48 22
2 25
48 36
25 9
31 14
42 14
26 28
14 33
22 13
48 30
8 23
30 42
42 38
32 47
1 32
15 15
18 17
40 49
34 23
21 17
12 49
2 49
1 13
23 7
21 49
3 38
24 49
16 11
46 42
38 39
20 21
49 18
11 34
27 50
26 16
36 4
50 39
16 18
3 49
31 19
27 34
28 49
30 21
24 11
22 45
14 22
48 5
32 9
39 47
27 50
35 7
43 44
22 14
17 6
45 37
39 25
27 31
29 3
21 11
21 16
6 30
29 23
33 46
23 2
21 17
25 37
40 46
38 24
32 4
17 2
37 2
44 34
35 27
37 4
14 6
1 33
30 32
19 6
23 47
13 28
22 43
42 33
49 27
8 22
49 18
29 43
43 4
9 12
25 33
34 35
12 50
14 42
13 18
4 17
34 20
48 42
41 19
17 15
20 46
15 40
6 33
45 14
15 17
49 49
38 7
37 39
39 1
3 34
18 35
37 45
36 24
19 49
29 11
45 2
50 3
33 11
15 43
33 12
26 20
22 36
1 32
45 10
26 49
1 24
23 19
42 39
45 10
19 39
4 39
30 5
22 38
4 10
38 26
46 24
25 2
44 10
45 5
49 4
22 49
43 14
47 9
38 47
31 31
1 32
37 32
7 38
13 7
12 28
26 20
35 17
48 24
1 3
5 46
5 50
3 16
40 32
47 36
7 9
41 14
10 41
1 30
11 43
19 43
5 12
19 11
35 42
46 50
43 14
19 14
16 36
6 25
13 21
26 18
35 13
28 46
20 44
26 16
26 27
44 12
42 16
8 36
9 48
22 36
18 33
41 35
35 1
23 38
48 48
43 14
12 22
45 16
35 17
24 46
36 9
41 37
47 15
8 44
2 5
34 35
41 36
21 46
18 36
50 28
50 26
3 48
46 5
8 30
6 35
19 1
40 36
28 42
27 28
49 29
15 2
9 11
7 37
47 49
50 9
6 28
22 41
46 40
37 31
11 32
8 32
49 47
31 2
10 47
2 9
19 11
32 44
15 18
29 5
45 29
32 41
15 36
50 3
4 1
13 31
9 33
28 20
20 7
39 41
13 29
47 48
34 46
14 17
7 41
30 44
46 33
24 50
43 32
50 47
17 43
35 16
15 15
16 29
31 1
32 19
34 5
49 31
7 32
12 16
21 46
5 32
11 13
5 5
7 10
32 5
19 48
8 15
7 37
2 49
5 38
33 2
49 9
22 20
38 41
29 39
43 3
38 27
25 29
49 50
38 24
23 40
26 1
5 16
47 7
23 47
40 33
49 27
40 2
39 39
12 7
4 30
31 5
40 33
48 18
7 25
13 42
2 38
45 34
6 28
12 17
10 35
11 29
12 41
29 26
24 25
13 27
10 5
7 16
39 30
30 23
5 17
47 14
3 15
41 37
50 2
44 40
41 6
49 30
32 46
22 36
7 42
47 24
3 22
8 20
43 12
40 36
3 13
45 7
19 39
20 25
44 12
3 37
9 33
21 3
14 16
26 34
43 6
28 28
49 21
47 39
9 45
5 2
20 17
19 45
33 10
21 24
43 6
37 35
44 29
27 37
34 19
19 17
39 24
32 8
50 31
42 8
24 30
12 35
15 31
20 17
3 5
20 12
36 9
17 3
2 17
9 19
35 2
35 45
49 46
6 31
44 31
2 21
5 36
26 2
38 48
29 46
7 34
3 34
43 48
31 6
25 20
24 16
25 43
14 13
31 24
41 21
3 29
33 29
6 38
16 9
35 8
9 20
8 14
40 13
35 34
41 12
46 3
26 26
47 12
10 38
9 44
15 37
12 2
46 9
36 20
46 11
27 17
25 35
27 45
38 42
4 9
3 14
20 39
12 41
5 44
18 9
9 8
36 14
43 45
36 38
44 48
26 28
39 25
20 3
29 8
37 23
3 4
48 11
16 28
36 14
8 28
3 3
48 41
8 12
5 43
22 41
17 41
30 22
50 21
10 19
22 22
36 27
45 11
33 11
15 32
25 2
21 4
7 3
40 49
5 32
44 42
47 35
34 16
22 42
3 36
38 43
18 14
19 15
18 15
39 38
26 25
14 12
31 26
3 45
15 47
9 40
20 40
39 4
41 43
46 29
25 16
38 44
9 49
1 22
9 43
49 2
12 2
44 9
28 36
19 9
46 50
7 10
34 42
42 20
30 11
32 32
14 47
16 8
50 25
33 46
43 18
27 34
33 1
23 45
44 2
25 37
47 19
6 22
20 23
2 35
40 4
6 36
37 1
45 2
10 33
20 16
31 36
14 36
44 41
43 40
6 14
33 8
20 27
5 30
8 6
18 39
8 48
21 10
38 41
13 11
34 23
4 3
38 45
34 37
11 15
15 33
4 49
3 22
31 34
35 32
39 1
6 19
48 9
48 4
9 39
45 27
14 38
5 9
1 42
15 15
38 5
19 43
19 44
17 3
36 28
7 18
48 8
28 42
28 12
27 23
30 7
31 8
30 8
26 8
24 33
21 36
7 1
11 42
14 33
20 11
22 20
24 14
5 33
26 43
18 22
34 3
10 37
17 48
42 7
27 7
24 6
50 43
29 38
42 40
36 47
11 17
17 14
6 49
29 13
27 29
49 34
6 3
1 13
9 3
10 23
50 17
48 9
35 24
10 45
45 36
35 23
9 39
2 28
29 34
48 8
3 47
33 23
33 14
20 21
41 41
11 41
13 31
42 50
22 26
25 2
32 26
40 32
20 44
48 35
20 47
39 1
2 7
46 17
13 19
31 37
5 46
27 33
20 24
47 6
44 47
12 16
1 29
1 13
30 11
50 13
24 37
16 18
34 26
24 22
12 31
47 14
40 34
46 22
26 11
41 42
23 27
21 2
9 22
44 22
48 3
39 7
26 37
41 48
21 34
20 16
48 28
34 40
42 37
21 46
17 14
10 46
24 10
27 36
4 38
33 48
19 10
49 7
41 42
41 38
13 33
28 48
26 12
38 8
22 50
47 45
9 46
18 26
26 15
11 12
24 26
4 32
44 41
42 35
7 46
38 47
13 30
14 11
43 26
19 44
43 29
43 48
47 8
45 17
4 22
47 13
5 29
2 7
21 44
6 47
7 45
48 3
17 26
9 15
3 32
46 49
11 19
3 40
27 46
43 1
24 17
6 2
3 15
35 46
36 27
10 46
34 3
33 39
12 20
24 35
48 4
8 8
23 26
9 22
26 22
42 44
1 2
15 12
27 27
43 24
31 49
15 4
35 25
25 29
46 24
16 6
41 32
38 5
43 20
3 50
47 43
30 42
17 19
43 15
35 46
22 41
21 14
15 8
7 47
1 40
47 41
21 50
25 42
47 5
24 35
23 28
24 13
36 24
8 32
32 36
46 10
20 14
34 41
18 4
12 39
33 47
16 7
1 46
37 23
19 47
3 41
3 11
37 35
39 30
4 22
4 45
8 7
37 18
6 33
12 14
47 19
44 12
27 42
5 26
34 18
23 49
6 22
35 29
1 35
22 43
38 2
24 50
35 15
42 4
42 18
22 9
38 28
22 23
42 17
33 28
35 34
36 25
13 23
40 20
49 42
3 31
19 35
26 10
2 20
2 23
42 47
1 2
32 21
11 45
34 34
26 12
23 5
25 20
39 6
7 19
48 37
19 10
8 19
6 6
4 37
23 8
34 9
12 42
16 18
45 38
29 12
8 41
10 20
48 46
23 17
42 21
9 6
32 15
21 34
20 30
27 43
3 28
22 2
43 36
36 16
12 32
7 44
46 20
16 22
10 43
37 19
28 46
25 17
34 31
31 4
48 26
35 32
48 49
47 27
15 15
40 20
20 17
15 12
19 49
8 7
38 45
48 34
50 26
8 44
32 41
37 13
27 6
11 20
3 6
11 31
22 31
21 27
29 46
39 15
3 45
3 41
16 11
50 1
28 43
49 21
26 34
2 46
35 21
23 20
38 42
11 23
14 3
34 33
45 49
3 9
15 13
34 45
30 19
8 45
22 43
38 46
19 27
44 30
42 44
39 32
7 7
39 1
11 30
21 42
31 13
9 9
23 44
29 32
29 17
5 5
39 50
37 49
21 48
42 50
32 21
16 33
12 18
42 35
14 21
44 45
16 19
8 9
17 18
47 15
47 48
17 34
6 3
34 31
31 31
13 15
21 31
44 49
29 36
42 19
37 29
38 11
40 45
22 6
40 16
34 20
40 24
39 48
12 45
41 2
23 28
34 45
2 4
4 19
3 50
28 36
1 5
22 35
35 32
38 42
34 4
40 21
31 24
24 50
50 35
13 45
44 26
47 17
46 14
43 36
50 27
47 31
39 7
25 3
43 11
3 8
2 22
41 31
19 46
43 9
33 16
36 33
32 34
10 27
15 18
6 43
21 28
21 46
13 32
19 22
27 41
41 9
24 38
35 2
4 28
48 6
15 46
11 15
36 26
20 8
41 24
31 46
36 24
14 24
42 48
25 5
8 15
30 41
42 16
42 49
20 25
1 38
31 43
16 6
6 3
44 18
15 9
11 38
18 41
23 22
49 50
22 22
5 22
38 34
8 43
21 25
33 4
19 37
42 43
22 49
47 12
15 35
37 5
14 30
2 2
22 30
12 20
18 21
45 25
26 2
39 21
45 15
50 2
26 1
48 19
25 37
26 30
40 15
34 49
16 7
50 47
27 16
34 5
43 44
30 1
13 15
38 22
44 41
44 40
20 41
13 13
38 40
1 10
16 18
33 40
2 33
27 49
14 22
24 4
48 28
22 46
49 18
30 4
5 28
33 3
3 33
49 30
1 5
9 42
19 38
3 13
17 27
43 5
8 26
35 18
13 45
33 34
6 29
6 39
42 35
35 38
21 41
17 48
42 13
13 19
43 5
9 24
46 48
12 36
29 21
25 15
24 26
32 49
29 40
30 5
17 48
22 5
23 43
39 32
14 48
20 26
11 39
22 1
44 45
8 48
5 46
22 7
11 30
18 26
48 30
12 41
38 30
44 47
22 30
16 22
38 30
4 33
43 26
48 48
31 16
2 3
44 45
2 34
49 38
50 48
7 49
40 12
5 45
14 20
28 10
24 24
4 15
43 5
41 47
18 22
4 34
50 10
19 20
35 19
15 2
38 16
1 3
26 37
29 34
6 36
39 26
4 17
48 44
20 23
31 35
39 17
8 31
47 24
16 12
39 30
17 13
3 24
28 8
14 35
9 6
14 19
46 39
29 27
22 20
37 15
22 22
11 12
20 45
40 6
45 38
47 5
30 20
48 48
49 11
2 25
23 46
23 23
46 21
25 3
48 42
40 7
26 22
50 32
42 35
13 46
16 40
38 41
46 28
33 2
22 11
24 40
28 30
49 10
29 12
8 13
17 43
6 29
40 7
31 19
16 4
22 3
17 46
27 45
35 42
27 50
34 3
44 14
28 6
28 47
12 36
35 6
9 7
44 35
41 10
38 17
42 29
1 3
21 48
26 47
21 38
9 31
3 34
20 17
3 34
33 10
48 36
11 27
25 30
9 38
45 29
28 22
12 18
29 1
41 40
5 25
19 34
39 7
46 12
17 10
45 45
44 1
40 17
18 47
31 11
26 6
23 5
12 41
7 15
7 4
3 12
27 47
33 30
42 6
50 41
49 12
14 3
31 29
25 50
47 14
11 43
27 23
40 1
38 14
6 26
50 8
37 21
37 16
19 14
47 44
15 7
15 31
1 39
4 3
9 43
50 5
38 22
6 5
42 1
50 49
11 4
40 50
18 10
20 38
13 21
50 48
1 32
15 2
10 40
20 39
27 21
48 50
4 17
26 37
20 21
48 23
22 48
41 16
31 47
17 47
12 12
28 48
45 42
19 42
43 8
10 26
8 22
9 6
14 4
48 19
27 29
14 37
44 14
32 18
43 28
5 40
29 12
22 28
38 44
48 20
7 22
7 6
4 1
32 13
41 9
20 25
11 29
6 43
39 39
41 29
39 34
42 34
2 14
34 43
9 15
20 30
25 22
1 21
30 49
45 41
43 17
22 21
11 10
7 27
1 24
4 34
18 11
18 22
19 41
30 46
31 6
11 36
20 48
42 14
25 24
19 15
50 45
35 5
11 4
41 8
38 38
32 38
7 6
27 5
7 21
12 23
33 10
23 27
47 46
16 49
9 49
39 46
48 20
15 45
14 7
47 47
20 24
32 48
33 15
44 27
31 30
46 5
23 37
20 29
5 39
30 41
21 10
44 24
43 29
28 45
23 15
23 20
38 25
8 49
5 48
18 28
4 42
12 22
35 6
20 39
45 49
6 2
7 35
22 27
28 23
2 10
35 23
23 5
23 18
7 14
18 5
30 5
15 41
4 39
21 49
6 14
1 45
47 40
23 17
23 42
7 40
42 36
1 28
27 25
33 15
39 8
8 9
7 39
13 2
5 43
20 25
47 25
29 48
1 34
7 10
34 41
50 38
4 49
42 8
13 14
1 22
3 15
31 10
3 32
9 26
15 42
32 49
30 22
11 43
5 9
1 39
13 32
37 36
30 21
37 1
50 37
37 15
30 28
43 49
43 12
38 43
45 36
11 34
4 18
22 16
22 33
49 14
40 14
37 29
4 35
10 6
47 24
7 22
36 41
1 26
28 41
30 27
28 39
9 41
43 24
1 38
13 21
50 13
28 45
31 2
10 22
46 40
21 20
15 24
39 17
23 46
2 44
4 22
34 23
46 48
13 7
50 29
46 3
22 27
47 27
8 17
12 7
7 10
21 43
46 18
35 11
10 12
29 46
12 31
2 16
32 26
7 6
31 16
44 3
35 15
8 47
24 5
37 16
13 48
19 10
30 36
42 5
36 44
44 25
1 16
36 24
9 30
39 10
32 21
20 36
50 23
14 37
15 28
29 48
39 10
11 17
10 32
50 7
39 48
48 23
43 16
11 48
2 3
3 50
47 46
47 8
25 16
22 42
31 46
11 9
23 30
34 43
27 36
43 15
38 7
33 20
17 21
41 35
28 42
46 2
16 33
24 39
31 21
17 3
31 49
9 9
34 47
39 5
18 7
20 42
3 30
8 29
11 10
12 22
28 25
48 6
23 28
13 43
34 33
44 3
35 6
43 17
7 39
35 34
23 10
43 48
40 16
47 41
32 6
28 5
4 50
20 42
20 15
36 16
30 34
14 18
45 22
25 38
34 16
35 7
8 5
35 44
40 28
35 38
34 37
11 15
19 44
9 22
45 2
36 47
10 26
9 46
26 6
22 40
27 33
27 48
47 40
49 2
43 28
45 24
3 13
30 10
10 21
24 47
21 31
48 35
15 22
10 29
46 5
33 6
34 12
48 36
22 16
48 29
4 33
12 8
6 19
24 22
17 18
15 19
3 41
32 17
24 5
31 7
37 50
25 39
20 25
23 31
29 9
43 4
34 20
30 9
6 10
50 31
22 28
20 23
45 3
26 14
44 44
19 18
11 16
35 33
17 39
19 3
1 4
46 27
48 10
1 15
33 31
41 32
45 10
23 17
29 8
48 35
10 29
15 20
39 35
32 11
29 32
5 37
39 49
41 32
22 46
10 14
24 40
22 32
14 50
27 37
4 23
27 43
9 11
28 25
49 38
43 15
1 6
35 36
15 10
7 11
19 50
1 27
21 49
43 1
36 40
33 13
38 6
29 40
3 9
21 41
26 44
41 19
1 29
34 50
25 47
11 47
25 34
19 12
36 24
24 35
42 23
40 47
35 42
11 8
23 32
12 30
36 21
46 50
18 28
50 8
12 3
16 20
44 23
17 28
20 2
13 35
31 38
50 7
13 29
30 12
26 8
31 27
4 4
34 17
18 50
21 16
2 45
37 14
11 43
24 7
7 15
49 45
38 43
40 27
42 35
9 23
7 24
49 24
7 31
19 14
13 34
47 18
49 33
31 41
17 24
22 48
8 27
1 10
11 41
47 27
49 15
32 45
33 42
10 11
31 36
35 23
43 42
36 17
44 39
30 32
40 9
43 12
26 44
10 32
46 19
11 41
32 42
32 6
32 6
33 37
41 6
42 40
25 11
50 12
37 33
48 30
45 31
20 40
30 16
41 4
41 2
34 8
39 46
6 20
47 34
20 28
8 4
32 3
5 10
25 45
20 34
44 9
47 50
7 24
44 27
10 49
10 20
1 26
6 24
37 50
6 4
36 18
5 50
10 43
31 11
42 12
25 17
8 41
29 4
10 2
42 21
9 20
7 34
15 18
13 50
27 39
47 14
38 45
14 19
32 41
37 26
22 34
33 43
41 39
34 18
27 1
15 14
4 18
17 30
39 13
46 14
44 5
15 2
28 7
41 44
2 47
35 50
24 43
44 36
20 3
8 35
5 8
44 2
42 15
6 17
9 35
28 4
35 45
10 22
14 33
48 41
35 17
21 26
14 32
11 41
3 31
12 48
5 40
36 40
16 49
33 48
50 6
7 20
45 3
10 44
33 14
1 40
38 8
2 11
36 10
41 27
19 46
46 2
38 35
25 32
1 23
31 45
10 19
8 34
3 2
46 6
39 47
18 29
40 37
20 13
6 30
46 15
48 31
34 10
50 2
33 29
46 21
42 42
12 7
3 24
21 34
46 36
50 45
44 15
49 48
3 41
12 22
23 14
33 28
22 21
33 34
47 48
33 36
19 34
3 45
32 16
1 21
41 29
10 1
28 42
13 4
20 10
32 39
31 16
42 1
40 13
40 37
2 43
43 8
38 47
30 45
48 35
8 24
26 45
14 27
18 26
41 25
2 12
4 21
43 11
46 10
21 42
16 13
36 50
39 28
29 15
24 27
20 29
6 35
46 14
41 44
18 45
50 1
22 6
23 14
1 8
14 46
41 4
39 15
48 35
12 2
10 20
43 49
45 41
5 10
32 4
8 40
4 5
5 13
44 11
38 8
39 24
13 34
17 10
27 9
23 7
35 31
40 44
30 44
29 7
20 29
12 2
28 39
6 3
41 13
27 16
19 32
20 26
23 40
14 22
7 50
22 49
32 45
34 38
39 29
24 8
45 16
20 11
34 36
2 16
32 25
45 1
33 17
25 1
21 50
20 6
41 18
29 4
14 13
36 47
11 17
35 38
34 13
33 50
15 37
22 40
35 2
24 25
32 18
22 21
16 2
33 45
20 24
14 25
18 2
11 4
23 48
32 34
3 31
8 31
18 21
20 4
32 45
31 19
11 48
28 35
7 41
8 9
23 19
7 44
16 6
45 27
50 33
28 19
38 50
36 32
5 5
1 36
3 39
36 45
13 25
1 15
47 24
16 47
28 20
38 46
36 38
6 43
27 3
21 3
16 38
12 49
31 29
16 48
42 50
27 24
16 35
29 15
21 1
20 38
49 1
32 6
39 28
28 10
42 28
45 4
41 32
13 44
27 50
20 30
3 29
50 13
13 4
46 50
39 46
9 48
22 42
25 43
18 44
39 10
25 47
38 29
41 33
39 20
50 50
35 11
43 38
46 6
23 30
49 26
38 10
45 10
17 41
37 36
1 14
21 2
8 8
16 10
30 8
19 1
47 2
37 23
41 33
14 44
49 36
35 43
48 33
27 12
48 44
8 46
24 18
19 36
47 20
15 15
24 11
26 23
24 6
46 42
22 6
28 32
8 26
43 3
24 13
10 41
12 30
2 8
8 40
20 35
5 25
45 12
36 10
6 42
35 33
32 26
42 50
21 31
18 8
19 36
30 2
44 3
22 10
15 33
7 34
40 32
