16 44
17 31
10 34
36 13
43 11
3 38
40 20
10 36
33 45
15 12
1 1
5 12
32 47
19 9
34 2
34 28
7 17
46 31
3 28
21 29
3 23
33 14
40 16
12 5
50 5
39 15
19 49
50 10
43 12
9 12
15 23
35 23
28 41
25 23
19 14
23 25
32 40
24 42
26 8
47 24
9 3
32 19
38 50
7 46
5 11
42 6
41 20
30 28
43 30
10 23
5 19
12 14
4 12
43 43
8 21
40 23
39 9
9 17
39 27
8 6
46 45
21 25
22 40
18 30
35 14
6 33
34 24
42 50
40 29
31 39
32 42
14 15
18 25
28 40
1 50
15 46
24 41
6 43
31 44
26 22
27 45
20 20
4 29
1 19
36 18
20 9
38 2
4 14
11 49
12 38
7 49
35 41
17 50
29 36
14 44
25 24
21 29
31 4
4 8
36 37
50 41
50 8
22 21
27 18
7 16
17 27
20 29
1 45
18 3
23 10
13 7
14 23
46 12
22 11
40 46
37 24
10 18
7 48
17 14
23 4
27 36
25 48
11 11
8 11
42 40
12 29
1 11
9 24
21 34
24 41
22 23
27 27
25 6
18 37
36 6
48 35
46 6
43 38
5 26
13 30
49 44
18 24
31 26
49 14
30 41
22 40
16 23
30 17
14 39
12 41
25 19
40 28
17 28
15 15
38 24
6 26
28 40
21 47
47 49
15 38
10 14
25 44
9 45
32 37
48 33
45 45
31 13
44 38
20 45
47 20
28 47
31 18
44 2
45 50
5 3
9 34
48 5
47 29
33 32
18 22
1 5
27 39
30 41
42 2
17 33
49 30
6 14
27 39
46 34
41 22
12 3
45 38
46 41
4 27
5 13
22 30
15 1
30 8
19 22
8 45
18 11
28 29
14 16
34 28
40 50
49 34
20 28
8 47
43 39
15 5
29 8
28 26
30 41
38 39
22 16
16 1
14 11
10 36
9 28
50 21
22 23
7 5
40 7
20 39
5 28
26 50
9 39
46 46
22 20
26 38
6 25
16 46
19 9
8 9
33 27
15 15
22 1
34 23
14 26
17 21
22 43
41 29
22 10
41 4
4 27
42 12
8 43
19 37
28 23
14 50
50 31
47 39
18 23
17 36
49 32
47 21
22 25
15 44
15 2
34 27
49 25
3 10
31 29
47 29
34 20
46 22
36 42
44 41
7 11
20 47
19 14
19 6
45 34
11 20
46 17
6 46
9 44
8 28
44 36
42 34
7 36
17 42
37 10
1 33
32 15
45 27
20 39
29 8
30 28
18 36
5 4
20 45
9 34
9 33
5 6
43 11
42 9
4 19
43 49
33 4
39 26
14 41
48 1
31 10
15 48
36 34
38 30
5 34
1 32
44 35
31 26
20 5
11 23
38 15
16 26
18 40
28 50
7 34
33 33
35 47
49 23
18 28
36 23
50 24
28 43
38 35
50 47
24 8
33 19
7 18
37 7
48 12
28 39
20 27
37 36
11 22
15 36
25 37
34 25
14 19
1 34
10 32
49 13
50 27
6 12
15 25
13 15
42 22
29 48
26 34
12 12
8 30
23 45
49 22
28 8
48 22
40 35
45 34
41 9
5 17
46 27
10 35
47 2
24 14
32 38
7 33
29 16
29 45
50 26
42 36
50 2
23 48
28 7
31 48
47 14
3 23
49 43
22 12
22 37
15 45
5 3
43 4
8 18
32 23
13 23
11 46
5 37
32 5
22 23
5 14
38 22
5 39
4 47
13 4
43 47
31 22
6 7
17 28
20 31
26 16
34 15
24 2
26 42
44 37
39 12
13 19
36 21
39 30
29 13
37 26
46 31
49 50
15 30
32 47
43 42
46 44
33 36
31 33
34 16
26 24
36 10
32 6
34 38
15 8
10 27
21 8
19 32
35 41
33 31
35 42
40 19
29 37
28 24
44 47
16 2
28 2
22 28
6 13
22 46
21 33
7 35
49 2
33 17
33 36
40 19
15 16
43 20
7 36
41 12
31 46
13 30
25 41
16 35
41 10
35 32
11 16
28 3
14 4
38 29
15 42
17 44
49 46
49 19
16 1
32 2
25 3
22 21
28 34
31 44
17 7
50 28
28 40
2 33
29 37
18 44
49 31
29 38
26 44
35 41
8 46
26 32
40 4
9 47
6 6
9 25
9 23
7 5
17 40
30 1
4 50
16 42
24 44
22 33
17 29
24 18
33 17
22 23
5 47
37 18
15 25
28 15
25 15
39 31
20 3
34 47
36 20
10 44
38 22
33 31
24 17
29 45
34 1
48 28
7 9
1 16
47 34
13 1
48 19
11 35
20 19
30 38
5 31
14 6
5 34
9 39
29 20
45 8
50 36
40 42
48 25
33 50
39 43
18 11
48 11
27 45
4 4
8 35
40 2
32 32
13 30
46 22
9 5
12 23
34 35
28 37
16 24
14 21
40 31
14 23
8 20
42 26
35 30
24 24
44 36
27 43
6 48
28 8
21 21
38 33
34 30
34 44
13 34
1 4
46 14
42 24
2 10
1 41
42 23
8 20
31 29
9 11
22 37
44 16
35 34
34 23
32 16
36 5
3 47
14 33
49 21
30 47
48 26
19 15
16 15
30 13
26 36
23 9
42 46
3 42
42 27
13 43
6 19
42 44
14 45
38 8
41 41
16 11
16 43
46 21
23 19
34 48
32 13
10 19
11 15
24 2
20 14
48 47
40 19
30 33
14 40
39 9
35 22
45 24
50 40
24 19
25 6
28 3
48 6
29 2
10 40
27 2
14 10
1 43
10 42
40 42
36 28
37 26
50 38
16 3
1 29
26 18
20 6
41 35
16 14
34 35
44 46
44 2
20 19
50 6
23 7
45 32
25 4
47 46
7 21
2 2
29 47
41 38
40 6
44 41
13 8
24 6
1 19
43 8
48 37
45 1
25 42
22 24
46 35
29 12
37 1
23 4
8 11
30 49
10 28
28 22
20 14
49 25
9 6
10 22
32 8
15 21
15 7
35 24
2 5
50 32
50 6
40 27
2 38
44 8
24 8
47 22
43 11
28 46
19 25
42 45
9 4
40 39
29 35
44 12
14 17
15 13
19 37
6 42
46 23
4 19
33 40
27 21
6 40
34 50
38 36
15 8
15 7
41 21
29 32
7 44
17 4
2 47
27 37
32 47
47 36
39 50
38 31
32 43
46 23
37 43
39 31
45 6
30 9
21 46
12 41
12 15
19 11
13 18
24 41
14 19
42 23
45 16
9 27
43 24
29 48
14 14
19 24
31 44
2 29
33 50
25 15
12 39
13 30
41 14
49 24
26 10
21 27
49 22
2 38
9 50
26 15
17 9
28 19
46 2
22 29
49 22
44 8
23 34
17 8
42 10
12 21
19 18
11 16
39 19
1 37
42 48
49 44
4 13
10 26
47 5
15 8
47 16
21 27
37 26
13 7
28 3
40 4
36 17
23 30
6 23
13 17
46 46
1 47
38 2
2 2
48 9
44 46
7 30
35 42
49 10
7 34
13 20
36 26
45 48
15 32
49 47
31 6
40 41
43 11
43 44
2 44
4 5
27 20
24 40
10 13
40 33
43 31
33 30
48 20
25 25
8 30
40 42
8 7
7 35
15 45
20 29
43 4
6 22
14 25
31 2
48 29
31 27
40 26
18 25
5 21
19 1
28 4
6 9
42 33
44 30
25 39
36 49
36 7
41 6
28 13
33 13
21 10
42 13
36 49
29 9
9 42
49 47
49 1
17 12
26 24
37 32
1 31
14 45
16 38
14 4
21 40
6 37
21 16
18 14
39 8
17 2
49 16
49 49
3 40
45 10
10 8
37 26
2 47
43 20
14 41
29 12
38 31
7 43
35 28
14 35
3 31
27 4
16 49
46 5
5 32
27 7
24 39
6 6
47 43
47 6
27 28
41 38
45 50
50 3
20 34
50 46
6 18
30 28
37 40
22 49
33 6
46 48
13 38
22 23
47 14
17 2
15 1
11 24
21 41
36 8
49 27
17 41
45 2
14 33
24 3
23 28
31 6
25 48
41 2
46 39
11 16
8 19
44 39
27 32
14 25
7 39
13 26
6 45
44 32
26 34
32 18
38 45
14 45
26 17
44 23
7 2
5 1
44 41
8 43
41 43
1 11
2 8
40 42
41 47
18 12
47 15
25 25
44 10
45 25
21 6
11 20
41 23
31 10
40 46
4 1
14 16
24 25
33 7
26 24
35 34
13 47
8 5
14 49
1 14
15 12
20 11
20 34
48 29
12 33
32 39
18 5
26 17
23 38
20 18
28 7
44 44
44 18
38 23
2 23
23 3
43 36
15 45
30 35
13 13
44 31
24 2
32 40
44 47
49 24
37 42
15 26
50 33
2 50
8 29
40 33
5 24
35 43
30 20
2 39
34 10
8 19
47 1
36 30
10 48
20 18
27 35
41 39
42 48
27 8
47 39
1 18
11 27
7 11
41 35
15 46
16 27
46 13
25 10
5 49
38 8
8 40
20 6
22 20
17 19
37 48
20 4
9 43
29 33
20 36
5 38
7 29
28 41
49 36
9 44
38 44
19 39
25 31
21 34
29 7
44 6
20 30
15 1
39 21
34 16
27 19
2 44
23 43
20 2
8 42
24 3
12 19
45 10
27 5
10 39
45 14
39 19
47 47
45 36
24 8
20 40
31 27
38 12
22 46
5 9
25 48
24 39
45 33
44 49
34 10
50 19
28 12
49 42
34 15
9 7
23 8
34 21
9 5
12 44
10 26
4 40
40 32
13 21
23 12
23 47
4 49
9 6
48 10
4 19
29 24
24 39
9 35
35 38
48 14
48 40
17 5
46 46
19 38
26 22
40 19
33 41
25 23
50 22
24 14
27 11
4 5
8 16
10 48
6 15
42 16
33 14
2 36
43 13
5 3
29 16
49 41
33 43
22 23
25 7
31 32
13 8
12 6
33 41
21 37
32 13
47 37
24 29
11 29
18 28
28 34
17 39
29 37
31 39
18 48
37 6
17 6
12 4
5 32
41 49
23 31
40 37
12 28
14 38
3 29
48 15
33 8
46 5
9 45
26 4
15 25
14 21
36 50
29 37
18 47
18 34
16 11
3 49
4 2
12 42
34 16
21 27
18 31
5 49
10 9
19 22
38 48
42 18
35 46
40 43
13 40
31 42
16 41
5 1
14 23
33 7
10 6
4 9
34 7
16 17
43 13
33 23
31 27
18 10
16 11
11 16
32 2
35 23
11 10
20 26
11 11
4 50
44 24
24 13
47 23
41 29
30 26
50 33
33 50
5 39
48 25
39 38
22 16
29 47
35 34
46 44
19 13
32 24
31 36
11 34
15 46
2 48
25 16
3 30
46 4
7 25
50 13
2 16
10 8
39 31
50 25
18 26
46 33
29 35
37 41
3 6
24 29
13 20
7 19
41 25
35 18
8 34
33 1
19 35
4 13
4 31
38 17
15 28
36 21
9 2
44 34
19 6
39 33
24 13
29 28
43 41
26 6
14 48
5 29
24 21
46 5
26 47
15 10
41 30
28 34
39 43
14 16
34 28
21 14
31 33
37 39
11 16
25 33
20 7
37 24
6 20
30 30
36 33
49 21
14 42
26 2
6 17
14 38
24 14
46 15
42 44
41 9
7 13
46 39
26 4
48 39
8 32
36 17
17 32
44 5
22 21
38 7
50 30
47 34
26 2
45 24
16 50
12 32
21 41
49 21
31 2
41 8
38 19
24 36
48 11
34 30
35 2
18 26
49 8
6 35
50 29
9 1
50 45
25 23
34 44
50 39
23 5
14 3
43 14
41 28
50 17
43 18
32 38
31 40
30 21
36 39
15 6
45 5
42 21
33 16
11 48
29 23
45 1
24 14
49 1
38 46
2 43
6 4
45 6
22 47
34 32
1 39
41 50
6 44
10 42
37 22
39 24
16 49
17 5
19 38
8 2
4 5
18 5
50 48
10 24
50 49
41 3
30 20
3 25
27 34
24 24
26 7
41 7
27 27
19 29
29 24
11 28
8 50
35 34
43 13
30 32
40 38
20 12
7 14
1 7
28 15
48 35
35 20
49 38
21 48
41 2
23 44
13 48
9 30
11 25
48 11
8 31
38 6
24 36
39 25
42 50
22 43
3 7
2 47
31 7
12 45
47 7
25 15
20 8
22 39
46 11
50 4
31 42
35 11
16 42
25 5
32 17
46 29
34 1
1 18
46 18
4 21
39 35
45 34
38 27
50 21
1 31
33 21
29 18
5 8
41 46
47 50
31 30
46 50
43 47
25 31
47 8
23 34
4 46
21 38
37 45
31 30
40 30
27 36
34 30
44 44
21 33
13 10
23 27
26 21
32 40
46 34
4 40
30 44
3 43
25 7
25 37
42 13
32 5
22 11
13 5
41 11
10 34
26 5
46 28
14 28
12 48
23 28
40 44
31 28
36 10
31 46
31 41
18 44
13 24
29 50
7 30
40 13
11 22
49 11
38 23
38 25
27 35
32 25
26 33
6 4
14 11
42 23
11 48
35 32
12 6
23 13
32 24
30 2
1 20
1 49
38 15
9 40
27 44
5 17
40 24
4 15
44 5
38 18
8 50
6 32
42 6
32 50
44 11
45 13
30 17
46 48
9 29
27 49
24 46
30 17
38 24
43 31
30 22
25 36
23 8
32 23
49 25
47 35
22 20
15 28
19 1
14 10
16 29
41 9
39 49
21 4
39 32
25 9
27 43
7 36
10 26
28 1
26 20
45 27
49 32
49 37
30 3
17 45
20 7
23 2
32 18
39 32
22 43
19 18
24 10
16 15
15 41
48 26
40 36
19 34
26 4
10 22
45 50
39 15
36 22
11 48
25 10
33 6
34 31
49 27
20 33
2 13
49 26
35 42
21 44
28 39
28 43
20 1
8 40
35 40
49 11
4 20
5 25
44 13
12 24
47 3
27 14
39 22
4 1
26 2
13 46
48 47
35 2
16 30
26 17
43 17
46 11
28 35
25 9
20 23
16 13
22 22
31 38
45 17
47 13
18 6
35 39
1 33
24 35
20 23
44 19
4 6
8 37
12 44
29 30
38 48
26 6
36 44
13 23
9 40
15 21
3 9
12 46
34 14
22 10
32 34
13 31
3 20
17 34
24 42
32 11
50 15
4 3
45 2
36 28
35 1
27 4
12 30
10 3
14 23
15 45
18 47
43 8
15 35
27 27
20 42
15 29
29 2
11 33
5 46
40 33
48 46
13 17
20 33
39 14
38 6
34 43
25 34
50 2
18 6
40 47
12 7
32 21
39 33
43 5
35 10
9 25
9 27
48 26
18 14
17 20
5 20
41 3
3 22
24 9
17 5
1 14
39 45
32 8
8 41
27 11
49 34
38 47
50 43
50 39
42 8
44 20
44 3
33 36
38 23
12 23
27 11
7 30
7 16
40 30
18 40
33 9
43 1
22 12
9 42
47 14
16 48
43 16
18 3
4 40
1 27
7 6
27 17
21 35
38 11
2 42
10 8
41 3
1 35
50 27
43 32
47 20
14 46
10 18
23 18
29 48
7 9
50 19
17 3
7 32
35 26
42 23
46 38
28 43
13 16
22 31
42 7
28 15
24 35
28 5
17 50
50 31
38 46
2 17
45 14
19 19
6 13
35 48
33 48
12 35
49 2
17 44
7 39
37 32
32 16
44 8
46 24
28 14
26 48
20 3
41 7
11 31
1 41
35 24
21 1
16 18
2 14
31 32
47 24
50 37
17 26
8 45
47 13
11 5
2 49
50 48
18 9
3 50
15 10
22 34
47 40
33 45
45 39
24 30
31 46
2 35
6 15
20 31
49 32
10 41
6 16
31 22
32 33
14 28
48 41
11 50
3 41
14 36
40 40
29 30
8 7
18 3
42 36
50 37
1 43
42 39
9 15
11 40
6 14
1 13
35 22
20 3
11 18
16 36
25 30
30 32
35 11
16 27
19 49
10 24
48 18
29 17
46 40
29 15
17 2
20 3
28 10
2 16
16 47
7 40
46 9
43 5
20 16
19 3
26 30
44 28
33 21
15 17
18 8
3 27
43 17
42 45
1 10
42 4
34 50
38 28
18 15
16 11
28 48
29 50
49 6
30 18
2 47
44 7
44 18
39 8
28 21
35 14
10 6
14 31
21 48
31 15
38 32
39 48
50 28
13 41
46 41
42 10
24 28
1 26
42 9
43 31
3 2
4 40
21 4
49 33
45 15
22 8
14 16
18 44
27 6
7 36
25 38
27 44
26 50
13 9
7 2
2 20
21 14
4 3
46 44
20 2
28 3
20 37
5 35
9 22
1 17
22 41
40 5
45 27
40 28
15 10
15 34
30 17
12 35
49 46
45 22
35 35
50 28
31 33
26 14
18 26
16 41
24 15
46 32
17 32
8 3
29 50
24 21
15 13
37 41
50 40
37 21
47 38
9 17
40 30
14 47
10 6
32 29
19 50
21 30
43 19
5 41
2 19
4 19
42 44
16 33
8 22
27 7
20 5
1 18
8 28
4 24
34 21
13 44
1 9
46 38
24 11
21 2
10 43
20 10
20 45
14 34
16 33
43 40
16 47
10 22
31 14
25 16
5 50
13 8
17 32
46 29
4 32
8 19
25 15
26 41
22 19
41 45
30 35
39 43
35 41
7 3
11 46
49 25
7 15
35 18
40 42
2 47
20 14
37 39
40 37
28 33
42 19
8 15
49 23
3 39
28 40
20 6
42 6
9 44
50 24
46 23
7 28
20 41
15 11
19 27
9 21
7 46
12 42
9 24
10 15
36 41
14 44
2 19
4 8
28 34
44 15
10 7
19 33
7 18
15 27
41 30
4 15
50 12
30 36
50 28
42 39
42 18
10 34
31 35
24 23
9 7
33 24
27 46
50 4
21 11
19 8
5 12
25 22
1 27
1 16
2 12
37 2
21 9
32 21
4 44
47 15
39 31
49 4
42 18
26 5
24 3
45 44
46 40
32 50
19 5
45 47
13 13
25 49
40 13
47 1
6 29
19 36
4 36
16 19
9 28
11 50
6 17
2 32
42 38
31 16
2 48
9 40
27 5
26 3
4 30
45 34
33 26
34 42
21 41
24 40
24 50
4 32
10 21
9 12
6 9
33 7
18 28
49 4
26 35
50 9
46 25
23 20
36 46
45 15
24 41
18 6
16 23
5 35
30 42
38 49
29 7
12 18
7 25
23 18
26 39
15 41
24 42
27 4
22 10
33 45
22 5
45 6
4 20
35 42
20 42
12 41
33 33
39 39
39 37
44 11
39 7
32 21
39 46
12 30
15 49
41 36
13 38
13 9
11 18
28 11
8 8
23 33
3 37
17 12
34 47
44 6
46 14
45 4
6 10
11 13
35 12
23 10
12 8
13 17
47 41
29 17
32 6
2 48
7 36
40 45
1 1
11 26
34 18
38 25
44 33
17 29
41 40
50 34
45 28
9 30
3 7
4 6
29 45
14 22
3 39
50 48
30 5
21 15
47 17
5 3
28 5
28 4
27 49
35 4
48 9
33 18
2 46
18 50
50 4
7 13
40 46
24 17
10 28
50 15
43 14
28 11
47 41
6 29
42 32
12 46
36 20
46 6
18 20
19 33
20 23
23 13
34 43
7 47
41 21
38 14
22 3
21 15
36 30
45 31
12 13
40 26
34 13
11 33
10 18
39 37
27 3
29 30
46 26
19 44
27 45
18 49
10 15
39 13
7 41
4 5
32 27
4 22
11 10
30 4
10 49
10 42
12 24
1 21
31 25
18 5
21 20
8 28
7 21
42 44
6 46
3 14
21 49
40 13
40 50
38 22
28 12
29 40
25 22
29 6
47 48
29 13
32 22
18 8
3 2
29 12
21 3
31 48
30 45
23 23
12 5
21 24
23 20
7 15
49 24
29 24
22 33
33 38
1 10
12 42
46 36
31 14
10 1
11 41
24 31
5 37
13 50
32 30
31 36
8 28
27 9
18 17
43 18
22 9
34 49
40 34
32 37
15 40
38 21
40 13
20 45
32 20
19 4
28 6
9 28
20 22
10 15
5 18
45 16
13 39
49 7
32 4
4 13
5 27
28 3
28 14
38 37
11 7
44 23
23 38
38 26
23 35
8 21
44 5
24 7
24 20
38 11
47 28
12 39
10 31
23 36
9 29
18 8
46 49
11 19
41 23
41 5
29 25
15 34
40 18
7 45
18 27
36 13
46 24
35 37
21 10
14 49
9 6
43 30
34 23
29 30
47 15
15 19
33 11
40 43
34 33
33 21
2 35
9 20
16 9
24 17
13 20
23 21
28 39
35 9
21 11
30 7
26 40
24 4
23 24
46 36
36 9
3 45
47 49
50 40
16 24
42 42
18 20
8 1
37 11
48 29
32 27
32 15
34 20
49 37
4 21
14 23
30 35
33 35
9 48
37 35
28 7
34 40
50 47
26 46
36 11
41 44
44 25
45 42
9 11
13 19
37 12
5 27
36 48
29 21
26 35
10 39
25 44
43 40
5 43
4 12
21 46
50 41
40 2
5 28
44 3
5 7
39 48
49 41
33 15
18 13
18 8
49 41
3 21
2 16
11 7
31 15
16 35
30 10
18 28
14 45
20 32
26 18
44 24
32 36
4 17
44 30
50 41
28 26
17 43
32 43
50 48
7 3
24 50
5 32
8 26
46 3
8 7
43 40
28 44
8 42
34 6
27 40
13 22
22 29
44 17
1 19
38 5
8 37
28 27
33 26
10 26
6 8
28 44
6 12
44 44
17 40
23 21
35 14
15 10
28 8
39 46
50 43
18 34
7 40
13 39
35 8
37 23
16 37
19 20
31 8
26 34
14 9
12 14
13 45
30 5
1 17
23 32
27 15
17 1
14 4
1 28
32 16
29 49
3 23
31 33
39 40
49 50
17 46
24 42
33 22
17 20
4 8
23 50
41 37
14 39
31 10
41 5
47 41
20 13
3 9
18 26
12 20
2 15
10 39
15 21
49 27
43 32
12 29
22 23
16 39
17 20
7 16
21 6
23 29
24 47
25 5
48 29
12 38
27 18
16 12
35 41
23 36
31 31
39 47
33 23
21 5
15 35
19 48
37 19
46 41
32 18
35 15
33 4
12 48
19 5
25 23
6 43
1 36
6 41
21 24
20 22
4 21
25 45
8 11
22 11
36 23
20 49
39 22
4 13
35 20
39 27
41 29
11 9
13 3
10 45
15 13
49 10
41 33
17 32
30 11
47 32
48 41
19 8
44 40
21 37
12 5
33 3
38 17
47 20
33 46
37 32
7 16
34 32
47 13
40 25
18 38
23 21
39 32
4 6
21 22
22 16
48 5
27 4
28 41
32 17
45 6
15 50
33 45
9 27
1 44
19 29
9 11
24 28
43 14
35 6
32 37
5 3
4 20
21 32
44 26
41 30
30 30
14 23
17 9
5 36
31 14
8 23
30 37
18 49
12 3
18 49
25 5
9 19
38 40
5 31
33 29
35 20
9 42
9 28
18 4
44 19
13 23
13 17
1 33
13 23
14 7
31 39
33 50
13 36
10 15
29 44
14 23
19 31
3 41
8 44
37 18
41 41
35 1
15 21
44 11
14 41
4 15
49 39
45 5
48 8
3 29
47 45
46 31
4 7
6 50
45 1
42 1
23 10
16 43
24 29
14 20
44 18
45 13
48 38
28 43
19 23
48 35
8 23
12 32
32 18
13 37
28 48
2 46
5 37
49 49
23 16
31 8
22 27
1 7
11 18
26 11
38 20
19 9
26 38
10 23
15 3
18 38
7 35
34 27
36 3
41 39
48 43
34 42
17 49
38 3
2 43
8 29
27 7
39 16
1 34
10 49
36 22
25 5
3 4
12 11
1 42
35 14
9 28
45 42
44 28
38 8
45 8
35 1
27 2
47 28
5 12
26 43
16 21
15 5
45 43
42 23
37 32
24 42
42 30
41 27
45 44
28 43
25 50
40 41
19 35
27 21
34 24
47 24
36 12
30 41
26 3
45 26
16 6
44 4
7 46
43 24
14 49
15 11
46 19
18 9
9 7
2 19
21 24
28 18
25 13
21 24
17 33
3 14
33 16
19 48
13 12
18 38
43 16
45 32
3 17
30 12
33 17
40 12
7 29
50 32
18 49
4 24
43 12
21 19
11 15
26 10
44 33
41 37
35 40
9 47
13 44
18 11
7 47
19 28
31 47
38 43
12 20
31 14
28 13
50 29
20 6
14 47
6 8
20 48
14 21
29 20
16 12
35 2
11 18
7 26
29 18
42 4
47 32
25 45
40 17
18 16
4 39
46 31
31 28
34 13
19 40
40 18
31 14
37 46
15 45
10 41
45 13
34 4
42 29
23 18
16 41
32 32
25 41
44 3
45 36
35 15
39 9
46 39
27 16
32 23
35 19
20 3
9 1
11 1
48 6
36 31
33 34
34 12
15 36
1 48
50 44
8 7
28 32
32 17
11 50
3 42
36 37
36 9
19 20
15 7
12 17
21 30
48 27
25 46
44 47
6 23
19 18
49 11
18 22
46 26
19 27
28 16
14 11
46 13
47 25
18 43
1 9
10 24
6 6
50 3
1 50
29 5
47 23
3 26
9 43
32 8
32 11
30 47
22 22
16 26
43 31
13 2
42 9
10 19
50 34
46 32
32 41
21 43
24 29
12 49
8 50
36 5
39 6
24 27
26 2
47 30
18 31
19 31
25 27
10 5
2 3
48 9
47 19
26 32
15 35
29 7
38 50
19 5
28 50
37 1
12 16
42 4
27 24
7 14
14 25
1 12
2 30
18 12
39 29
1 46
2 48
47 7
10 27
35 7
31 33
32 37
7 15
37 13
18 2
22 30
23 41
10 24
12 28
23 49
7 20
9 26
39 32
31 41
3 24
20 41
28 13
6 16
20 49
43 4
46 50
38 16
7 34
44 11
28 37
35 50
3 10
11 44
26 13
22 8
11 40
44 2
28 8
37 32
37 41
1 27
47 15
5 41
13 34
2 21
12 15
44 23
36 23
32 20
33 49
49 49
49 39
26 1
43 41
2 50
30 24
1 5
24 27
25 4
43 8
42 29
29 40
24 24
38 27
33 3
46 17
4 42
24 23
9 23
43 2
9 36
32 41
9 25
50 43
28 27
28 38
17 9
3 32
23 35
40 44
48 18
25 4
34 11
14 17
4 49
8 22
34 36
25 11
14 38
26 46
23 28
19 16
17 10
28 30
9 8
20 19
32 19
21 15
34 47
21 14
35 43
4 7
25 34
33 47
27 21
9 8
49 43
42 39
32 47
1 33
28 19
3 46
22 15
4 49
15 41
18 35
10 48
18 40
18 6
36 2
7 6
45 21
45 18
3 33
19 8
6 8
28 40
31 21
16 45
12 23
30 32
29 3
46 50
48 40
21 50
43 12
33 17
26 30
36 11
21 25
39 17
25 7
43 17
37 38
50 28
2 26
9 14
4 25
6 45
19 33
45 19
25 13
2 18
43 41
20 7
14 38
48 15
44 42
43 10
44 18
6 17
22 20
11 7
16 39
6 28
2 43
17 23
17 15
31 31
17 31
33 45
4 41
8 1
37 33
39 5
13 31
17 20
38 14
37 42
22 23
23 40
48 37
40 37
26 36
26 8
37 23
10 10
23 16
9 35
6 11
8 27
14 45
44 32
31 47
5 7
29 22
28 27
33 37
25 32
3 9
13 23
2 32
22 30
47 38
49 6
31 31
30 22
3 33
14 28
2 32
38 3
27 24
22 17
20 42
30 4
34 38
30 17
42 10
21 49
30 12
34 10
36 9
31 49
16 39
13 23
39 15
14 20
36 14
40 48
28 18
15 27
29 26
29 19
38 13
41 48
8 28
30 43
19 10
45 40
21 9
4 38
50 43
31 14
10 31
13 21
18 42
6 17
43 13
50 16
10 26
22 35
11 27
41 2
40 1
36 11
37 39
46 36
3 49
29 11
11 37
49 9
37 16
29 2
42 25
44 44
14 5
41 2
40 30
37 3
25 24
35 49
10 26
32 13
37 49
32 9
38 7
17 31
30 38
41 9
39 37
22 36
12 25
5 35
6 26
1 12
30 18
33 49
9 41
41 8
26 46
46 3
26 22
4 33
11 40
44 20
46 48
5 40
37 48
9 46
28 28
40 32
21 20
43 27
30 7
43 20
12 2
19 16
49 30
28 40
44 37
46 22
32 16
46 41
37 45
2 9
3 35
50 11
12 13
24 29
6 46
28 41
47 22
24 49
43 16
13 14
42 35
39 43
46 15
6 1
22 40
23 12
26 16
6 8
17 44
14 20
48 32
41 3
2 47
40 35
35 39
30 29
28 8
42 33
3 39
1 7
25 8
43 26
34 45
4 18
21 9
26 21
27 14
31 30
30 15
6 13
44 28
1 2
2 29
4 11
31 32
1 41
31 41
23 31
2 6
17 19
49 38
11 18
31 41
10 14
4 28
34 11
33 40
9 46
29 27
20 32
35 27
6 48
7 22
31 2
10 11
22 22
16 5
27 28
35 13
30 41
3 37
30 42
30 34
31 25
31 37
9 9
17 41
19 30
11 19
24 16
19 25
28 39
21 43
28 30
27 33
20 39
23 38
40 12
13 4
20 31
3 35
7 49
11 41
40 43
45 32
44 15
10 8
23 13
16 24
6 10
1 25
31 34
45 27
42 45
3 28
15 16
27 13
16 4
34 18
24 12
36 9
24 34
33 18
35 5
38 2
5 13
11 19
50 20
12 23
14 9
21 23
48 42
11 36
27 30
44 26
48 9
20 23
7 41
22 27
47 3
40 16
42 14
39 43
23 43
29 50
10 20
9 22
26 40
34 48
43 15
16 30
37 37
43 9
27 38
24 49
38 39
2 9
42 46
22 26
44 39
10 30
44 46
12 7
21 34
4 49
21 13
24 18
12 34
22 19
4 26
31 31
20 11
44 8
34 46
46 23
48 50
7 47
42 30
25 1
17 22
32 27
27 43
41 30
42 35
21 33
1 36
40 5
5 33
49 15
12 8
50 43
29 36
32 11
8 22
46 37
29 32
14 11
3 4
1 41
13 48
39 38
41 13
7 5
18 31
12 10
9 2
42 41
9 13
3 43
46 28
1 21
30 22
27 27
42 45
18 15
6 44
5 14
43 23
34 45
37 17
34 23
27 5
29 27
29 44
5 23
47 16
21 20
35 10
42 26
31 6
27 14
42 4
45 40
12 17
47 8
33 13
45 11
40 43
7 36
42 44
49 42
44 38
43 11
12 9
38 19
7 13
27 25
37 35
6 5
46 6
5 1
31 43
25 47
49 46
21 4
29 8
12 31
21 13
14 36
38 20
46 21
17 44
45 48
18 48
41 32
9 6
10 22
32 40
50 32
9 19
23 18
21 32
25 33
39 26
10 26
32 45
37 19
5 49
8 44
5 41
10 27
9 33
34 33
44 6
40 6
8 19
9 19
37 18
29 9
27 31
22 39
39 12
34 40
44 40
28 49
2 4
42 17
42 24
9 7
27 1
29 32
20 1
9 19
31 22
47 38
28 29
47 50
39 5
37 42
47 41
2 50
2 31
10 27
3 13
26 27
7 23
37 33
12 19
37 37
2 31
12 42
14 46
49 16
5 16
50 5
27 44
18 21
7 44
18 46
49 19
1 2
37 22
16 2
16 1
14 40
24 40
10 17
13 32
26 43
33 3
35 1
31 42
35 22
5 36
49 24
37 50
48 47
40 9
1 19
15 23
44 49
24 50
39 27
45 21
45 28
31 16
13 10
29 6
12 15
16 18
30 20
11 19
22 24
49 40
21 25
39 4
6 8
38 22
22 15
21 47
36 47
22 25
44 11
14 43
12 35
44 31
5 16
17 16
17 41
17 4
35 22
27 15
8 18
20 49
46 23
10 32
47 20
7 28
6 26
24 3
7 32
46 28
22 43
16 7
30 22
36 30
13 20
46 43
6 25
12 38
47 21
11 32
20 33
43 50
41 36
17 5
6 17
12 5
35 24
17 27
40 35
25 49
48 12
31 20
32 34
38 2
21 6
43 44
16 20
30 26
18 2
14 20
35 26
8 7
11 20
22 1
43 29
21 30
14 48
26 22
35 19
45 20
40 10
45 26
16 10
19 28
48 48
48 28
43 47
32 40
11 50
35 20
4 41
36 14
46 29
49 21
35 14
21 6
37 18
36 36
26 38
19 19
28 16
37 22
3 3
27 46
22 13
26 30
25 11
36 21
34 12
9 50
44 48
15 39
42 3
46 21
47 16
30 7
25 20
9 36
43 7
19 40
9 28
15 33
14 7
14 21
19 28
48 40
40 6
22 10
45 20
50 32
6 20
29 25
48 27
40 31
30 22
2 16
29 37
20 6
30 20
43 2
15 9
32 9
12 47
38 29
11 14
18 40
5 31
22 10
10 36
13 46
13 36
47 3
1 20
6 25
31 16
32 25
30 35
13 18
13 36
15 43
13 42
30 22
25 50
13 2
13 29
32 6
41 1
19 49
46 19
11 6
39 48
44 15
14 32
4 38
28 35
39 18
21 3
3 10
47 19
24 9
3 34
49 49
30 30
8 2
39 26
26 8
14 39
36 38
5 47
8 33
3 14
13 35
12 36
23 44
34 1
40 21
16 46
8 14
2 13
20 16
15 41
36 47
47 22
46 23
49 21
20 3
34 15
9 48
40 27
2 46
27 34
9 5
11 15
45 36
32 41
33 9
48 29
29 22
6 39
9 7
23 35
36 37
29 34
28 1
11 28
36 5
3 36
6 44
49 42
7 12
10 42
13 45
40 50
18 10
4 13
24 37
31 13
24 31
14 21
25 10
30 41
34 21
42 25
11 3
36 41
30 23
10 34
48 20
16 47
18 11
23 20
36 38
1 42
10 22
22 26
41 11
7 16
5 13
13 8
49 50
41 14
30 22
32 33
37 10
37 2
41 21
5 33
36 41
7 48
24 29
30 26
8 13
26 2
5 44
15 27
40 39
10 36
4 30
43 34
46 37
27 40
7 50
49 27
16 25
40 40
12 6
13 4
7 20
24 26
6 50
41 17
14 12
3 1
50 4
45 43
27 46
11 18
6 23
28 39
39 20
1 15
5 15
13 40
43 14
34 18
16 39
39 26
40 5
38 39
44 5
40 30
46 39
8 5
37 21
16 1
27 26
6 25
8 2
19 23
30 45
44 12
21 49
3 5
14 24
6 33
30 38
24 41
27 32
3 37
48 6
23 31
50 38
48 8
44 43
6 13
40 44
13 50
31 19
12 49
11 28
35 7
24 1
27 24
7 12
13 32
42 40
49 31
40 39
26 26
15 50
39 29
16 39
2 6
50 22
41 11
49 26
30 28
33 47
31 15
4 17
28 13
49 32
49 8
10 8
36 25
24 33
43 35
47 37
19 15
42 13
29 22
17 43
17 12
29 6
38 37
45 23
11 2
7 34
5 50
35 30
23 50
10 40
33 6
48 19
22 22
28 36
11 25
15 33
50 1
41 24
7 16
13 45
10 18
5 12
18 17
1 28
45 22
47 41
1 39
16 1
40 37
30 44
18 21
3 24
37 47
13 13
2 5
46 49
30 42
40 18
8 43
11 7
5 35
49 41
23 36
40 45
4 6
36 38
26 32
20 8
22 11
15 10
5 19
10 32
25 45
36 32
29 5
7 1
36 10
50 41
27 1
19 49
39 46
29 5
34 20
8 8
29 25
23 3
34 36
28 3
43 26
28 18
44 46
3 48
7 7
29 25
21 42
7 40
19 37
18 33
40 22
1 43
25 13
10 19
34 13
19 42
41 11
2 31
12 21
30 12
39 12
17 50
34 44
6 26
40 34
44 32
42 47
30 22
41 32
2 20
23 7
7 8
7 23
7 2
43 45
46 29
29 24
50 48
25 46
29 24
44 32
41 13
41 36
34 32
2 13
40 16
49 14
40 17
1 3
18 25
10 15
5 8
44 12
45 2
41 37
25 33
18 3
12 37
12 33
39 8
29 28
12 42
20 19
13 28
1 3
24 7
26 33
39 48
21 32
33 21
6 15
12 35
49 42
14 27
38 20
48 49
44 13
42 42
34 8
19 47
18 35
16 36
28 46
9 20
37 5
6 32
6 49
32 2
40 19
14 31
3 14
41 4
43 49
44 17
30 45
49 40
19 37
1 9
36 5
7 4
29 14
30 39
47 18
6 11
42 8
48 14
1 27
43 24
32 18
38 41
47 8
10 5
14 48
12 18
11 26
32 45
43 3
14 42
20 48
10 29
50 12
46 49
5 34
45 15
19 7
31 32
48 37
8 14
6 47
48 7
34 17
18 21
29 46
43 10
32 24
14 10
5 13
22 27
50 14
49 20
27 36
4 39
6 1
37 14
4 8
15 32
42 25
35 18
12 30
34 35
46 4
27 45
13 27
25 30
27 42
20 44
14 43
17 42
1 20
38 38
46 10
32 45
33 32
44 25
17 43
34 28
35 5
11 41
29 28
48 10
43 1
47 11
7 31
26 15
31 5
13 33
39 15
48 26
27 24
19 39
10 31
2 42
4 42
3 44
49 28
8 40
37 1
19 16
49 29
14 48
35 2
6 45
5 8
31 41
41 21
29 25
49 15
39 1
10 37
4 40
12 22
32 21
17 16
23 4
7 19
24 35
28 15
48 26
46 48
6 7
33 14
35 3
5 18
35 43
14 39
26 9
25 47
6 3
50 32
35 4
45 19
22 23
3 19
9 40
16 30
11 13
47 21
49 33
31 14
34 27
28 2
2 46
40 4
41 16
24 1
42 23
8 29
7 22
34 8
18 44
13 17
22 20
31 50
1 23
10 24
48 48
35 32
12 42
46 37
46 23
17 21
17 10
16 48
41 35
7 39
40 24
22 24
28 4
11 29
27 43
5 41
50 21
18 39
21 28
30 33
16 20
25 11
7 27
26 43
42 36
50 45
25 47
32 20
32 27
32 48
14 7
21 4
15 22
2 12
23 34
39 24
35 14
15 17
37 35
3 38
35 28
35 14
5 24
10 47
2 10
4 8
2 11
40 44
33 43
7 46
7 9
18 14
35 3
24 16
24 42
2 9
18 49
36 20
16 35
37 39
41 28
25 43
15 38
3 36
33 12
16 34
27 50
46 7
25 24
36 38
2 12
16 48
44 48
2 30
30 19
6 19
22 8
47 39
35 26
22 19
14 22
4 30
44 48
48 4
29 11
9 2
14 39
37 35
8 23
45 12
42 21
39 43
30 43
20 35
3 45
34 24
42 24
32 12
17 46
10 11
30 14
24 15
15 29
24 25
3 18
37 12
32 13
8 22
18 27
46 18
28 41
40 16
15 34
46 13
22 10
12 8
44 38
42 26
31 3
38 43
34 36
18 40
26 10
23 41
28 35
36 45
1 35
39 49
31 49
50 21
20 6
19 36
34 32
19 3
45 4
42 2
1 13
22 20
31 17
31 4
21 33
39 14
37 47
31 35
22 28
32 29
48 48
38 36
8 6
47 14
25 19
2 20
32 7
14 8
24 23
30 33
22 38
35 12
16 16
33 20
6 37
5 4
15 8
39 13
10 43
40 25
37 15
19 9
48 43
33 7
11 20
42 30
27 48
29 14
39 49
9 30
42 3
13 25
13 28
30 2
41 40
49 11
3 40
5 21
16 27
9 14
41 26
50 9
21 32
19 49
4 23
8 24
5 30
50 18
44 10
7 3
31 50
28 26
29 28
33 14
38 21
29 14
38 22
49 30
12 32
23 29
38 48
16 11
20 34
35 19
3 3
5 25
24 44
15 38
46 22
44 19
38 29
28 47
45 6
8 5
22 24
14 41
39 49
24 32
11 32
4 38
28 19
20 46
36 27
32 27
11 16
22 32
15 46
36 28
23 4
44 7
46 3
24 46
39 9
2 48
5 50
20 43
14 43
36 31
9 28
39 41
23 43
24 7
9 20
38 39
29 47
7 1
21 18
8 49
21 18
44 47
14 39
33 6
32 23
22 17
43 42
3 23
46 43
29 22
32 27
46 27
35 8
36 32
6 23
19 25
5 44
17 15
10 9
13 3
18 9
36 7
32 38
34 41
3 32
47 49
8 6
35 18
28 6
14 25
30 47
46 10
42 11
28 7
29 16
43 37
25 14
44 27
14 32
28 36
27 39
38 42
23 10
44 39
14 14
47 1
44 15
18 5
23 37
2 49
28 24
18 22
27 31
1 49
34 24
23 35
22 50
1 34
46 17
34 8
32 40
49 2
42 46
13 40
1 44
20 36
7 19
19 18
49 17
45 21
19 36
22 18
46 23
15 48
7 4
9 36
39 14
44 33
44 47
41 4
21 20
25 50
46 42
37 48
2 35
49 14
17 26
23 4
45 9
2 24
35 35
7 33
49 35
26 9
39 33
26 34
19 47
36 44
1 30
15 9
30 15
46 32
48 12
16 49
8 34
46 48
13 9
43 40
40 41
35 23
42 2
11 20
27 48
23 29
11 20
6 5
24 19
4 27
14 46
38 5
30 3
29 8
46 22
23 14
20 29
42 22
14 29
22 19
48 36
3 32
27 23
38 45
43 26
25 35
28 22
45 42
41 5
26 1
36 41
16 26
9 46
2 44
40 11
40 34
37 31
38 13
40 48
42 41
3 27
44 22
49 24
45 32
43 37
15 4
26 42
39 26
32 40
13 22
28 40
47 5
44 41
1 43
32 50
44 37
25 30
3 43
35 5
41 44
14 41
48 18
3 9
4 18
20 22
44 47
14 25
20 10
26 2
7 46
36 31
23 32
46 31
30 6
4 17
38 9
21 47
35 8
12 43
34 46
34 43
17 44
30 34
49 34
19 34
49 9
7 12
22 28
41 45
33 12
9 5
16 35
49 42
42 19
39 42
27 46
39 32
14 13
36 44
10 46
17 3
4 40
5 11
34 34
16 3
4 49
30 21
11 48
39 32
48 48
46 30
1 5
1 45
30 29
16 11
8 38
18 5
45 8
48 38
36 36
47 5
39 45
18 43
8 33
38 36
17 28
30 15
38 43
38 34
9 6
33 41
26 29
38 4
24 26
15 47
1 31
1 42
21 44
15 6
1 47
18 28
32 32
35 43
40 42
44 15
18 26
48 36
36 33
24 38
7 13
24 9
11 15
3 32
8 37
22 1
12 42
1 50
43 29
36 28
12 2
12 12
9 24
2 42
31 34
42 33
28 7
13 39
35 44
26 5
44 5
45 32
26 45
47 34
26 7
22 33
39 2
30 5
22 43
12 15
8 27
23 37
7 45
39 39
25 50
39 19
24 32
37 41
29 9
7 38
50 14
7 26
38 22
38 47
16 48
25 49
24 24
19 4
26 8
38 5
17 24
18 25
27 19
18 36
24 19
39 42
17 1
42 38
18 38
42 33
1 1
39 17
5 17
24 5
17 23
47 46
47 9
19 2
10 23
47 39
45 18
34 10
6 38
45 35
4 14
46 47
43 49
33 21
26 6
9 40
19 30
37 10
37 9
17 48
10 47
11 48
43 38
3 11
32 32
42 11
20 18
45 5
20 30
13 6
50 42
16 19
41 15
14 34
27 50
2 40
18 3
24 5
27 49
34 5
16 19
20 30
38 49
27 24
3 33
18 44
25 28
17 1
40 49
26 40
38 23
43 1
4 27
41 29
27 16
1 41
23 7
44 45
43 19
47 43
38 26
39 15
1 37
36 3
10 43
36 14
32 16
10 37
16 16
35 13
9 23
47 18
5 40
33 17
48 11
1 16
48 47
50 15
7 35
29 12
39 17
7 29
49 30
11 24
32 23
30 35
10 9
17 6
11 21
6 3
37 33
19 10
46 2
5 21
38 29
33 13
18 29
48 38
39 40
41 22
30 12
9 27
32 11
15 31
9 48
30 7
8 50
26 20
8 31
40 14
4 15
23 36
25 18
29 34
27 33
43 42
17 31
20 7
50 24
17 26
19 13
39 39
37 17
2 41
11 35
47 25
50 45
30 5
10 4
44 16
21 46
31 26
27 43
5 27
33 27
47 35
12 11
15 43
50 32
19 13
31 15
3 31
26 6
32 7
4 14
6 18
47 27
30 45
21 25
36 35
22 13
18 42
17 15
23 29
7 45
28 16
9 23
14 26
29 9
40 18
25 3
36 2
37 50
20 5
11 20
18 38
33 37
32 5
41 13
18 27
3 40
16 34
20 26
23 43
3 44
13 48
17 1
27 17
38 1
50 15
36 13
49 43
5 28
47 50
8 5
13 45
25 12
26 34
18 33
29 48
3 45
28 45
31 18
18 13
24 14
15 21
8 11
49 1
28 6
2 34
48 12
4 46
29 27
35 3
26 36
17 41
24 18
9 6
33 9
24 24
26 37
33 50
19 37
44 13
20 22
8 18
16 5
14 34
23 29
45 47
6 6
5 19
32 30
28 14
17 4
36 11
29 43
6 15
