49 49
7 30
39 37
32 42
44 9
11 24
17 30
42 31
23 25
42 47
13 20
8 38
22 41
30 19
11 21
14 19
36 18
41 16
22 40
30 49
31 20
7 23
30 36
8 30
35 26
17 23
5 3
31 39
38 9
40 17
47 49
3 43
40 50
47 50
17 42
6 33
42 41
46 32
41 9
6 2
32 36
28 48
29 49
13 41
17 40
25 10
15 50
31 36
48 29
44 42
31 18
47 35
26 5
48 8
2 20
17 33
17 5
32 49
41 25
8 23
28 45
41 32
20 20
50 35
1 1
46 25
15 18
28 28
9 20
2 4
9 3
18 45
20 38
24 14
9 46
9 19
9 36
5 9
13 33
19 50
39 33
1 44
3 43
16 38
26 1
49 36
50 8
2 2
39 7
27 19
12 4
18 43
10 23
34 30
33 42
17 24
47 35
31 1
19 23
48 32
34 27
34 7
10 11
45 20
50 32
39 44
44 8
13 38
8 15
1 21
23 4
30 5
20 44
42 16
35 21
10 13
20 44
12 43
32 44
49 47
23 16
4 29
39 39
50 24
23 41
50 46
2 10
37 25
38 19
42 46
2 40
37 36
36 45
25 46
7 32
38 49
8 2
31 5
1 16
6 18
7 31
29 9
2 31
22 47
4 1
28 20
40 49
17 27
34 7
34 3
9 40
24 14
23 33
36 39
50 25
1 14
41 5
27 24
17 20
42 25
43 33
24 39
37 12
20 20
24 35
22 13
4 44
26 15
17 35
44 30
35 12
24 26
43 34
31 47
14 39
4 22
19 44
46 34
16 42
25 8
39 31
48 25
14 48
12 38
35 2
1 31
47 35
20 41
43 5
44 20
5 36
11 41
5 45
16 34
9 10
22 2
13 12
27 36
3 29
48 19
2 1
1 23
8 30
48 35
15 1
12 25
37 41
18 27
25 37
45 8
1 13
16 4
23 50
9 7
14 35
8 47
17 38
26 7
15 41
42 8
25 44
16 6
41 24
50 18
3 36
35 3
29 17
3 43
41 20
33 34
26 50
50 26
6 31
43 8
48 15
42 20
44 4
29 47
37 12
32 17
25 1
25 12
46 46
50 25
1 14
33 39
24 16
4 7
47 4
23 40
42 48
31 49
14 12
29 18
15 24
36 28
18 32
22 40
50 49
46 45
27 13
16 18
25 27
19 20
49 39
14 33
17 8
42 10
38 44
32 33
21 14
30 49
32 32
26 41
23 21
7 5
26 22
41 3
22 24
28 31
43 37
31 26
28 11
18 31
28 14
31 12
48 30
5 30
47 24
28 13
32 35
1 6
40 26
24 39
44 13
22 4
45 2
5 19
21 16
45 46
10 26
1 22
9 28
49 41
30 36
17 12
43 46
27 43
11 43
42 22
13 40
36 27
20 24
1 38
4 22
38 1
50 47
19 11
1 13
43 10
14 48
1 18
1 43
18 18
11 6
13 47
37 25
49 3
18 37
39 14
29 42
47 23
36 32
37 23
47 25
18 16
38 50
37 22
17 30
45 12
34 45
25 19
42 18
47 49
12 29
37 24
41 27
21 44
31 24
30 10
43 1
21 45
41 13
28 25
20 4
41 23
48 37
40 33
33 12
47 13
11 25
12 44
33 10
36 49
24 2
48 16
18 43
47 12
29 22
31 43
22 10
35 10
10 21
49 8
9 14
34 48
28 20
39 12
18 10
34 28
10 5
31 23
12 2
35 44
1 23
25 33
46 43
45 9
48 17
49 38
44 40
12 5
7 38
33 11
13 44
27 44
23 7
42 4
7 19
20 25
37 33
42 26
15 28
44 5
49 16
29 6
32 10
14 29
23 43
34 6
33 14
13 11
30 18
5 43
32 35
1 4
45 9
20 23
1 1
24 17
15 32
13 4
36 15
28 27
35 18
11 50
2 40
2 39
44 29
12 15
18 10
26 16
28 31
48 5
45 8
36 47
25 5
27 27
12 41
35 44
8 3
22 47
20 21
7 38
46 40
41 33
26 3
34 14
6 1
49 6
30 14
32 40
19 36
18 20
37 8
6 2
41 1
45 29
50 47
49 33
18 35
30 2
34 20
8 14
8 49
2 46
20 29
27 9
36 15
43 39
48 22
17 1
15 39
12 3
11 29
18 46
43 24
24 36
31 20
46 3
18 6
43 27
18 40
21 22
15 26
10 29
5 35
23 34
47 46
14 47
38 41
3 39
12 3
29 45
33 31
42 10
41 37
20 47
21 10
29 47
